#      Omega(a)             rho_vir/rho_crit     delta_crit^0
     8.5126975402998D-03    37.514104834770    1.6459993980125
     1.1449252966725D-02    39.199600232149    1.6478305519587
     1.3352022755153D-02    40.177470832277    1.6488356846675
     1.5017669760692D-02    40.978517660574    1.6496296818682
     1.6556833201915D-02    41.681147534958    1.6503053064862
     1.8014174099998D-02    42.317992114452    1.6509015164203
     1.9413103390503D-02    42.906576810721    1.6514393675022
     2.0767718364280D-02    43.457674589477    1.6519318640060
     2.2087286433520D-02    43.978496962307    1.6523877425938
     2.3378283218112D-02    44.474165633015    1.6528132255420
     2.4645353473436D-02    44.948447508970    1.6532129117028
     2.5892261852140D-02    45.404325904931    1.6535904136637
     2.7121701087349D-02    45.844062121735    1.6539485059874
     2.8335889098945D-02    46.269505884832    1.6542894494738
     2.9536624114990D-02    46.682173751645    1.6546150989083
     3.0725387349583D-02    47.083328188622    1.6549269989390
     3.1903415543609D-02    47.474033917588    1.6552264525250
     3.3071753515653D-02    47.855199067930    1.6555145710119
     3.4231293064236D-02    48.227605877846    1.6557923115482
     3.5382802314694D-02    48.591934027200    1.6560605055606
     3.6526948228385D-02    48.948778661786    1.6563198807778
     3.7664314123240D-02    49.298664519445    1.6565710785110
     3.8795413491918D-02    49.642057144790    1.6568146673858
     3.9920701029375D-02    49.979371896356    1.6570511543814
     4.1040581527951D-02    50.310981256843    1.6572809937971
     4.2155417122256D-02    50.637220822789    1.6575045946038
     4.3265533242393D-02    50.958394254946    1.6577223265241
     4.4371223545721D-02    51.274777402311    1.6579345251005
     4.5472754032896D-02    51.586621762892    1.6581414959494
     4.6570366506609D-02    51.894157407522    1.6588834437684
     4.7664281497932D-02    52.197595465383    1.6585408483429
     4.8754700753912D-02    52.497130249359    1.6587337212622
     4.9841809366557D-02    52.792941083060    1.6589223540712
     5.0925777604380D-02    53.085193879297    1.6591069472604
     5.2006762494303D-02    53.374042510308    1.6592876865431
     5.3084909191900D-02    53.659630002577    1.6594647443319
     5.4160352181394D-02    53.942089582565    1.6596382810192
     5.5233216318628D-02    54.221545596211    1.6598084461178
     5.6303617754588D-02    54.498114319615    1.6599753792508
     5.7371664741777D-02    54.771904677089    1.6601392110449
     5.8437458355281D-02    55.043018878410    1.6603000639062
     5.9501093124728D-02    55.311552986944    1.6604580527278
     6.0562657603264D-02    55.577597426895    1.6606132855085
     6.1622234871298D-02    55.841237438003    1.6607658639155
     6.2679902988815D-02    56.102553483959    1.6609158837857
     6.3735735400980D-02    56.361621620235    1.6610634355792
     6.4526654027271D-02    56.554541395286    1.6611725597893
     6.5842165968643D-02    56.873298305571    1.6613514723017
     6.6892891048227D-02    57.126039759068    1.6614921147507
     6.7942034837013D-02    57.376799631974    1.6616306048025
     6.8989652519779D-02    57.625636339758    1.6617670114430
     7.0035796392906D-02    57.872605473844    1.6619014002281
     7.1080516066603D-02    58.117759989746    1.6620338335151
     7.2123858649610D-02    58.361150379323    1.6621643706738
     7.3165868918029D-02    58.602824828810    1.6622930682806
     7.4206589469887D-02    58.842829364003    1.6624199802962
     7.5246060866977D-02    59.081207983878    1.6625451582299
     7.6284321764853D-02    59.318002783761    1.6626686512907
     7.7321409034256D-02    59.553254068899    1.6627905065237
     7.8357357868539D-02    59.787000459732    1.6629107689445
     7.9392201888344D-02    60.019278988963    1.6630297754563
     8.0425973235841D-02    60.250125191701    1.6631469768344
     8.1458702659095D-02    60.479573189285    1.6632627094607
     8.2490419595885D-02    60.707655766813    1.6633770113204
     8.3521152247090D-02    60.934404445538    1.6634899188809
     8.4550927646553D-02    61.159849550189    1.6636014671739
     8.5579771725682D-02    61.384020271765    1.6637116898716
     8.6607709373744D-02    61.606944726119    1.6638206193583
     8.7634764493860D-02    61.828650008739    1.6639282867973
     8.8660960055320D-02    62.049162245951    1.6640347221928
     8.9686318142489D-02    62.268506642873    1.6641399544487
     9.0710860000412D-02    62.486707528354    1.6642440114230
     9.1734606077486D-02    62.703788397133    1.6643469199793
     9.2757576065178D-02    62.919771949426    1.6644487060350
     9.3779788937196D-02    63.134680128011    1.6645493946040
     9.4801262981137D-02    63.348534153440    1.6646490098449
     9.5822015834674D-02    63.561354556742    1.6647475750954
     9.6842064516636D-02    63.773161210445    1.6648451129099
     9.7861425452842D-02    63.983973358040    1.6649416451007
     9.8880114507244D-02    64.193809641317    1.6650371927649
     9.9897982577194D-02    64.402654454992    1.6651317611144
     1.0091537435044D-01    64.610592994665    1.6652254005590
     1.0193213868508D-01    64.817608231970    1.6653181147958
     1.0294828943722D-01    65.023716649148    1.6654099223688
     1.0396384001278D-01    65.228934243815    1.6655008412542
     1.0497880339062D-01    65.433276548458    1.6655908888780
    0.10599319213891    65.636758649314    1.6656800821419
    0.10700701843261    65.839395204133    1.6657684374445
    0.10802029407167    66.041200458924    1.6658559706987
    0.10903303049253    66.242188264280    1.6659426973573
    0.11004523878851    66.442372090200    1.6660286324228
    0.11105692971814    66.641765040993    1.6661137904734
    0.11206811372263    66.840379868751    1.6661981856732
    0.11307880093626    67.038228986644    1.6662818317912
    0.11408900120068    67.235324481239    1.6663647422128
    0.11509872407239    67.431678124716    1.6664469299606
    0.11610797883756    67.627301385920    1.6665284077012
    0.11711677452043    67.822205441352    1.6666091877614
    0.11812511989349    68.016401185482    1.6666892821404
    0.11913302348692    68.209899240619    1.6667687025208
    0.12014049359746    68.402709966353    1.6668474602809
    0.12114753829705    68.594843468570    1.6669255665043
    0.12215416544089    68.786309608078    1.6670030319911
    0.12316038267525    68.977118008850    1.6670798672672
    0.12416619744449    69.167278065960    1.6671560825945
    0.12517161700011    69.356798952984    1.6672316879769
    0.12617664840365    69.545689629553    1.6673066931749
    0.12718129853699    69.733958847984    1.6673811077077
    0.12818557410675    69.921615160082    1.6674549408642
    0.12918948165052    70.108666923496    1.6675282017101
    0.13019302754252    70.295122307842    1.6676008990948
    0.13119621799914    70.480989300571    1.6676730416587
    0.13219905908371    70.666275712648    1.6677446378405
    0.13320155671311    70.850989183837    1.6678156958808
    0.13420371666059    71.035137188071    1.6678862238314
    0.13520554455981    71.218727038503    1.6679562295625
    0.13620704591363    71.401765891954    1.6680257207612
    0.13720822609232    71.584260754043    1.6680947049462
    0.13820909034230    71.766218483252    1.6681631894661
    0.13920964378800    71.947645795380    1.6682311815078
    0.14020989143597    72.128549267642    1.6682986881001
    0.14120983817814    72.308935342673    1.6683657161197
    0.14220948879738    72.488810332180    1.6684322722920
    0.14320884796657    72.668180420993    1.6684983632023
    0.14420792025608    72.847051670260    1.6685639952930
    0.14520671013480    73.025430021052    1.6686291748713
    0.14620522197350    73.203321297642    1.6686939081122
    0.14720346004765    73.380731210695    1.6687582010625
    0.14820142854028    73.557665360345    1.6688220596438
    0.14919913154459    73.734129239172    1.6688854896567
    0.15019657306656    73.910128235073    1.6689484967838
    0.15119375702738    74.085667634033    1.6690110865927
    0.15219068726540    74.260752622850    1.6690732645404
    0.15318736754070    74.435388291521    1.6691350359723
    0.15418380153284    74.609579636144    1.6691964061325
    0.15517999284697    74.783331560987    1.6692573801601
    0.15617594501602    74.956648880815    1.6693179630917
    0.15717166149856    75.129536323529    1.6693781598709
    0.15816714568527    75.301998531949    1.6694379753435
    0.15916240089857    75.474040066138    1.6694974142633
    0.16015743039481    75.645665405417    1.6695564812941
    0.16115223736610    75.816878950350    1.6696151810121
    0.16214682494135    75.987685024728    1.6696735179084
    0.16314119619109    76.158087877142    1.6697314963871
    0.16413535412254    76.328091683385    1.6697891207769
    0.16512930168702    76.497700547668    1.6698463953239
    0.16612304178089    76.666918504368    1.6699033241952
    0.16711657724414    76.835749519932    1.6699599114842
    0.16810991086200    77.004197494461    1.6700161612128
    0.16910304536935    77.172266262967    1.6700720773280
    0.17009598344962    77.339959597104    1.6701276637078
    0.17108872773653    77.507281206581    1.6701829241615
    0.17208128081541    77.674234740568    1.6702378624319
    0.17307364522358    77.840823789144    1.6702924821975
    0.17406582345511    78.007051884296    1.6703467870691
    0.17505781795491    78.172922501869    1.6704007806011
    0.17604963112602    78.338439062252    1.6704544662845
    0.17704126533078    78.503604931572    1.6705078475475
    0.17803272288542    78.668423423505    1.6705609277668
    0.17902400606820    78.832897799745    1.6706137102580
    0.18001511711667    78.997031271482    1.6706661982825
    0.18100605822950    79.160827000404    1.6707183950474
    0.18199683156724    79.324288099775    1.6707703037070
    0.18298743925323    79.487417635462    1.6708219273637
    0.18397788337448    79.650218626937    1.6708732690695
    0.18496816598248    79.812694048257    1.6709243318267
    0.18595828909394    79.974846829018    1.6709751185892
    0.18694825469103    80.136679855335    1.6710256322645
    0.18793806472547    80.298195970416    1.6710758757098
    0.18892772111164    80.459397976188    1.6711258517439
    0.18991722573780    80.620288633113    1.6711755631332
    0.19090658045622    80.780870662069    1.6712250126078
    0.19189578709168    80.941146744381    1.6712742028510
    0.19288484743855    81.101119522966    1.6713231365056
    0.19387376326211    81.260791603034    1.6713718161736
    0.19486253629852    81.420165552906    1.6714202444182
    0.19585116825895    81.579243904381    1.6714684237594
    0.19683966082301    81.738029154178    1.6715163566848
    0.19782801564657    81.896523763896    1.6715640456406
    0.19881623435797    82.054730161128    1.6716114930382
    0.19980431856279    82.212650739690    1.6716587012491
    0.20079226983732    82.370287860991    1.6717056726154
    0.20178008973621    82.527643853925    1.6717524094407
    0.20276777978941    82.684721015850    1.6717989139954
    0.20375534150253    82.841521613201    1.6718451885183
    0.20474277636048    82.998047881745    1.6718912352119
    0.20573008582402    83.154302027549    1.6719370562492
    0.20671727133036    83.310286227533    1.6719826537739
    0.20770433429723    83.466002629623    1.6720280298959
    0.20869127611969    83.621453353667    1.6720731866969
    0.20967809817489    83.776640491486    1.6721181262251
    0.21066480181439    83.931566108243    1.6721628505070
    0.21165138837569    84.086232241750    1.6722073615322
    0.21263785917147    84.240640904134    1.6722516612698
    0.21362421549812    84.394794081446    1.6722957516574
    0.21461045863245    84.548693734504    1.6723396346068
    0.21559658983277    84.702341799271    1.6723833120033
    0.21658261033920    84.855740187294    1.6724267857065
    0.21756852137413    85.008890786123    1.6724700575505
    0.21855432414237    85.161795459750    1.6725131293447
    0.21954001983172    85.314456048994    1.6725560028737
    0.22052560961310    85.466874371922    1.6725986798983
    0.22151109464094    85.619052224232    1.6726411621557
    0.22249647605345    85.770991379640    1.6726834513600
    0.22348175497298    85.922693590248    1.6727255492023
    0.22446693250630    86.074160586915    1.6727674573516
    0.22545200974404    86.225394079710    1.6728091774559
    0.22643698776489    86.376395757819    1.6728507111376
    0.22742186762744    86.527167290839    1.6728920600050
    0.22840665038112    86.677710327914    1.6729332256384
    0.22939133705884    86.828026498922    1.6729742096008
    0.23037592867797    86.978117414710    1.6730150134372
    0.23136042624369    87.127984667071    1.6730556386709
    0.23234483075006    87.277629828945    1.6730960868022
    0.23332914317322    87.427054455528    1.6731363593192
    0.23431336447935    87.576260083688    1.6731764576868
    0.23529749562117    87.725248232678    1.6732163833522
    0.23628153753875    87.874020404354    1.6732561377451
    0.23726549115984    88.022578083439    1.6732957222770
    0.23824935739928    88.170922737889    1.6733351383429
    0.23923313716316    88.319055818702    1.6733743873165
    0.24021683134108    88.466978761096    1.6734134705609
    0.24120044081353    88.614692983941    1.6734523894193
    0.24218396645117    88.762199890108    1.6734911452165
    0.24316740911210    88.909500867059    1.6735297392631
    0.24415076964175    89.056597287119    1.6735681728563
    0.24513404887724    89.203490507227    1.6736064472741
    0.24611724764353    89.350181869645    1.6736445637816
    0.24710036675752    89.496672701710    1.6736825236255
    0.24808340702430    89.642964316530    1.6737203280397
    0.24906636923733    89.789058013198    1.6737579782458
    0.25004925418253    89.934955076540    1.6737954754477
    0.25103206263531    90.080656777699    1.6738328208362
    0.25201479536072    90.226164374341    1.6738700155893
    0.25299745311754    90.371479110380    1.6739070608668
    0.25398003665051    90.516602217139    1.6739439578217
    0.25496254669846    90.661534912575    1.6739807075893
    0.25594498399043    90.806278401957    1.6740173112928
    0.25692734924584    90.950833878052    1.6740537700437
    0.25790964317860    91.095202520822    1.6740900849366
    0.25889186648929    91.239385498579    1.6741262570598
    0.25987401987325    91.383383967189    1.6741622874853
    0.26085610401679    91.527199070721    1.6741981772737
    0.26183811959802    91.670831941535    1.6742339274741
    0.26282006728697    91.814283700452    1.6742695391235
    0.26380194774589    91.957555456892    1.6743050132475
    0.26478376162916    92.100648309066    1.6743403508602
    0.26576550958352    92.243563344115    1.6743755529646
    0.26674719224817    92.386301638271    1.6744106205525
    0.26772881025408    92.528864257115    1.6744455546061
    0.26871036422814    92.671252255207    1.6744803560920
    0.26969185478512    92.813466677272    1.6745150259735
    0.27067328253606    92.955508557296    1.6745495651985
    0.27165464808407    93.097378919207    1.6745839747060
    0.27263595202466    93.239078776998    1.6746182554259
    0.27361719494977    93.380609134346    1.6746524082737
    0.27459837743975    93.521970985801    1.6746864341617
    0.27557950007172    93.663165315855    1.6747203339881
    0.27656056341455    93.804193099725    1.6747541086438
    0.27754156803327    93.945055302928    1.6747877590069
    0.27852251448500    94.085752881943    1.6748212859483
    0.27950340331895    94.226286784347    1.6748546903322
    0.28048423508070    94.366657948397    1.6748879730104
    0.28146501030820    94.506867303674    1.6749211348278
    0.28244572953584    94.646915770686    1.6749541766175
    0.28342639329066    94.786804261481    1.6749870992059
    0.28440700209211    94.926533679817    1.6750199034133
    0.28538755645659    95.066104920679    1.6750525900482
    0.28636805689399    95.205518870852    1.6750851599117
    0.28734850390868    95.344776408916    1.6751176137970
    0.28832889799959    95.483878405348    1.6751499524891
    0.28930923966031    95.622825722620    1.6751821767651
    0.29028952937908    95.761619215323    1.6752142873942
    0.29126976763897    95.900259730238    1.6752462851377
    0.29224995491791    96.038748106455    1.6752781707495
    0.29323009168786    96.177085175586    1.6753099449770
    0.29421017841920    96.315271761276    1.6753416085557
    0.29519021557227    96.453308680455    1.6753731622203
    0.29617020360599    96.591196742270    1.6754046066941
    0.29715014297354    96.728936748772    1.6754359426940
    0.29813003412342    96.866529494870    1.6754671709302
    0.29910987749951    97.003975768423    1.6754982921057
    0.30008967354095    97.141276350345    1.6755293069167
    0.30106942268247    97.278432014666    1.6755602160526
    0.30204912535340    97.415443528747    1.6755910201974
    0.30302878198120    97.552311652898    1.6756217200248
    0.30400839298725    97.689037141033    1.6756523162045
    0.30498795878695    97.825620740765    1.6756828094021
    0.30596747979406    97.962063192878    1.6757132002730
    0.30694695641719    98.098365231900    1.6757434894680
    0.30792638906089    98.234527586041    1.6757736776313
    0.30890577812557    98.370550977285    1.6758037654013
    0.30988512400683    98.506436121572    1.6758337534114
    0.31086442709961    98.642183728275    1.6758636422843
    0.31184368778990    98.777794501476    1.6758934326439
    0.31282290646237    98.913269138950    1.6759231251047
    0.31380208350036    99.048608332238    1.6759527202722
    0.31478121927837    99.183812767809    1.6759822187531
    0.31576031417061    99.318883125896    1.6760116211436
    0.31673936854580    99.453820081330    1.6760409280372
    0.31771838277259    99.588624302821    1.6760701400168
    0.31869735720996    99.723296454422    1.6760992576684
    0.31967629222024    99.857837193712    1.6761282815632
    0.32065518815544    99.992247173853    1.6761572122765
    0.32163404537088   100.126527041668    1.6761860503692
    0.32261286421174   100.260677439683    1.6762147964062
    0.32359164502658   100.394699004197    1.6762434509380
    0.32457038815477   100.528592367213    1.6762720145185
    0.32554909393573   100.662358155130    1.6763004876917
    0.32652776270479   100.795996989418    1.6763288709982
    0.32750639479413   100.929509486543    1.6763571649734
    0.32848499053193   101.062896258165    1.6763853701494
    0.32946355024655   101.196157910554    1.6764134870488
    0.33044207425829   101.329295045904    1.6764415161965
    0.33142056288774   101.462308261129    1.6764694581083
    0.33239901645168   101.595198148542    1.6764973132963
    0.33337743526298   101.727965295925    1.6765250822696
    0.33435581963507   101.860610285910    1.6765527655281
    0.33533416987339   101.993133697333    1.6765803635742
    0.33631248628382   102.125536104008    1.6766078769014
    0.33729076916865   102.257818075396    1.6766353060001
    0.33826901882733   102.389980176541    1.6766626513564
    0.33924723555658   102.522022968107    1.6766899134521
    0.34022541965041   102.653947006433    1.6767170927651
    0.34120357139918   102.785752843725    1.6767441897703
    0.34218169109412   102.917441027397    1.6767712049337
    0.34315977901865   103.049012101494    1.6767981387245
    0.34413783545701   103.180466605371    1.6768249916033
    0.34511586069001   103.311805074424    1.6768517640278
    0.34609385499592   103.443028039990    1.6768784564520
    0.34707181864968   103.574136029520    1.6769050693270
    0.34804975192630   103.705129566095    1.6769316030968
    0.34902765509571   103.836009169274    1.6769580582053
    0.35000552842719   103.966775354453    1.6769844350902
    0.35098337218510   104.097428633574    1.6770107341888
    0.35196118663302   104.227969514530    1.6770369559331
    0.35293897203484   104.358398501007    1.6770631007473
    0.35391672864703   104.488716093787    1.6770891690596
    0.35489445672708   104.618922789430    1.6771151612898
    0.35587215652952   104.749019080954    1.6771410778554
    0.35684982830647   104.879005457788    1.6771669191707
    0.35782747230799   105.008882405761    1.6771926856463
    0.35880508878103   105.138650407309    1.6772183776908
    0.35978267797381    105.26830994080    1.6772439957049
    0.36076024012725    105.39786148197    1.6772695400929
    0.36173777548364    105.52730550257    1.6772950112511
    0.36271528428229    105.65664247107    1.6773204095742
    0.36369276676046    105.78587285258    1.6773457354531
    0.36467022315334    105.91499710890    1.6773709892761
    0.36564765369411    106.04401569850    1.6773961714282
    0.36662505861312    106.17292907674    1.6774212822925
    0.36760243814220    106.30173769516    1.6774463222442
    0.36857979250508    106.43044200312    1.6774712916642
    0.36955712193062    106.55904244566    1.6774961909205
    0.37053442663959    106.68753946566    1.6775210203867
    0.37151170685442    106.81593350236    1.6775457804287
    0.37248896279389    106.94422499216    1.6775704714120
    0.37346619467843    107.07241436786    1.6775950936941
    0.37444340272052    107.20050206027    1.6776196476387
    0.37542058713779    107.32848849603    1.6776441335965
    0.37639774814008    107.45637409983    1.6776685519241
    0.37737488593880    107.58415929286    1.6776929029707
    0.37835200074284    107.71184449356    1.6777171870838
    0.37932909275932    107.83943011748    1.6777414046083
    0.38030616219280    107.96691657747    1.6777655558876
    0.38128320924955    108.09430428298    1.6777896412578
    0.38226023412816    108.22159364169    1.6778136610608
    0.38323723703163    108.34878505747    1.6778376156272
    0.38421421815867    108.47587893192    1.6778615052892
    0.38519117770467    108.60287566420    1.6778853303784
    0.38616811586508    108.72977565050    1.6779090912219
    0.38714503283646    108.85657928386    1.6779327881404
    0.38812192880850    108.98328695563    1.6779564214596
    0.38909880397288    109.10989905392    1.6779799914980
    0.39007565851878    109.23641596440    1.6780034985726
    0.39105249263395    109.36283807017    1.6780269429984
    0.39202930650452    109.48916575181    1.6780503250879
    0.39300610031524    109.61539938734    1.6780736451512
    0.39398287424931    109.74153935233    1.6780969034962
    0.39495962848764    109.86758602000    1.6781201004298
    0.39593636321307    109.99353976053    1.6781432362516
    0.39691307860192    110.11940094257    1.6781663112665
    0.39788977483247    110.24516993176    1.6781893257722
    0.39886645207989    110.37084709169    1.6782122800666
    0.39984311052149    110.49643278291    1.6782351744406
    0.40081975032788    110.62192736461    1.6782580091903
    0.40179637167184    110.74733119305    1.6782807846048
    0.40277297472396    110.87264462229    1.6783035009723
    0.40374955965345    110.99786800417    1.6783261585789
    0.40472612662820    111.12300168823    1.6783487577086
    0.40570267581477    111.24804602182    1.6783712986437
    0.40667920737852    111.37300135001    1.6783937816638
    0.40765572148256    111.49786801590    1.6784162070484
    0.40863221829136    111.62264635988    1.6784385750709
    0.40960869796636    111.74733672054    1.6784608860054
    0.41058516066613    111.87193943461    1.6784831401265
    0.41156160655052    111.99645483627    1.6785053377030
    0.41253803577640    112.12088325788    1.6785274790045
    0.41351444850298    112.24522502907    1.6785495642936
    0.41449084488215    112.36948047858    1.6785715938398
    0.41546722507153    112.49364993176    1.6785935679008
    0.41644358922161    112.61773371308    1.6786154867410
    0.41741993748501    112.74173214437    1.6786373506183
    0.41839627001251    112.86564554559    1.6786591597896
    0.41937258695274    112.98947423493    1.6786809145118
    0.42034888845674    113.11321852792    1.6787026150346
    0.42132517466923    113.23687873917    1.6787242616137
    0.42230144573726    113.36045518068    1.6787458544979
    0.42327770180505    113.48394816289    1.6787673939368
    0.42425394301925    113.60735799367    1.6787888801735
    0.42523016952019    113.73068498000    1.6788103134565
    0.42620638144970    113.85392942654    1.6788316940293
    0.42718257895039    113.97709163571    1.6788530221310
    0.42815876216196    114.10017190849    1.6788742980017
    0.42913493122147    114.22317054434    1.6788955218821
    0.43011108626659    114.34608784062    1.6789166940090
    0.43108722743659    114.46892409236    1.6789378146140
    0.43206335486463    114.59167959387    1.6789588839342
    0.43303946868617    114.71435463702    1.6789799022004
    0.43401556903494    114.83694951209    1.6790008696432
    0.43499165604366    114.95946450765    1.6790217864913
    0.43596772984320    115.08189991073    1.6790426529734
    0.43694379056697    115.20425600596    1.6790634693116
    0.43791983834213    115.32653307736    1.6790842357340
    0.43889587329851    115.44873140655    1.6791049524622
    0.43987189556403    115.57085127367    1.6791256197176
    0.44084790526571    115.69289295725    1.6791462377201
    0.44182390252884    115.81485673433    1.6791668066894
    0.44279988748115    115.93674287965    1.6791873268388
    0.44377586024434    116.05855166741    1.6792077983876
    0.44475182094190    116.18028336968    1.6792282215501
    0.44572776969799    116.30193825660    1.6792485965364
    0.44670370663342    116.42351659729    1.6792689235594
    0.44767963186983    116.54501865894    1.6792892028276
    0.44865554552544    116.66644470777    1.6793094345523
    0.44963144771926    116.78779500809    1.6793296189409
    0.45060733857210    116.90906982216    1.6793497561954
    0.45158321819878    117.03026941183    1.6793698465243
    0.45255908671585    117.15139403692    1.6793898901309
    0.45353494424157    117.27244395521    1.6794098872135
    0.45451079088834    117.39341942411    1.6794298379764
    0.45548662677020    117.51432069905    1.6794497426193
    0.45646245200304    117.63514803344    1.6794696013363
    0.45743826669678    117.75590168039    1.6794894143283
    0.45841407096320    117.87658189099    1.6795091817908
    0.45938986491574    117.99718891442    1.6795289039144
    0.46036564866202    118.11772299953    1.6795485808962
    0.46134142231232    118.23818439306    1.6795682129267
    0.46231718597525    118.35857334057    1.6795878001967
    0.46329293975872    118.47889008622    1.6796073428958
    0.46426868376984    118.59913487286    1.6796268412123
    0.46524441811502    118.71930794197    1.6796462953334
    0.46622014289997    118.83940953367    1.6796657054449
    0.46719585822870    118.95943988700    1.6796850717332
    0.46817156420807    119.07939923889    1.6797043943780
    0.46914726093900    119.19928782610    1.6797236735657
    0.47012294852510    119.31910588338    1.6797429094764
    0.47109862706764    119.43885364454    1.6797621022917
    0.47207429667059    119.55853134134    1.6797812521869
    0.47304995743124    119.67813920565    1.6798003593453
    0.47402560945217    119.79767746672    1.6798194239399
    0.47500125283273    119.91714635315    1.6798384461466
    0.47597688766988    120.03654609267    1.6798574261428
    0.47695251406250    120.15587691121    1.6798763641010
    0.47792813210707    120.27513903387    1.6798952601951
    0.47890374190280    120.39433268378    1.6799141145930
    0.47987934354241    120.51345808421    1.6799329274702
    0.48085493712462    120.63251545569    1.6799516989914
    0.48183052274165    120.75150501894    1.6799704293288
    0.48280610048848    120.87042699271    1.6799891186487
    0.48378167045862    120.98928159481    1.6800077671175
    0.48475723274411    121.10806904206    1.6800263749021
    0.48573278743969    121.22678954936    1.6800449421630
    0.48670833463450    121.34544333166    1.6800634690678
    0.48768387442038    121.46403060198    1.6800819557776
    0.48865940688782    121.58255157243    1.6801004024541
    0.48963493212661    121.70100645399    1.6801188092577
    0.49061045022514    121.81939545674    1.6801371763495
    0.49158596127464    121.93771878887    1.6801555038844
    0.49256146535976    122.05597665888    1.6801737920252
    0.49353696257136    122.17416927258    1.6801920409236
    0.49451245299388    122.29229683611    1.6802102507395
    0.49548793671445    122.41035955376    1.6802284216265
    0.49646341381891    122.52835762893    1.6802465537386
    0.49743888439159    122.64629126421    1.6802646472305
    0.49841434851975    122.76416066030    1.6802827022504
    0.49938980628492    122.88196601811    1.6803007189538
    0.50036525777155    122.99970753670    1.6803186974897
    0.50134070306184    123.11738541451    1.6803366380092
    0.50231614223996    123.23499984837    1.6803545406584
    0.50329157538787    123.35255103449    1.6803724055852
    0.50426700258532    123.47003916853    1.6803902329394
    0.50524242391408    123.58746444448    1.6804080228656
    0.50621783945452    123.70482705563    1.6804257755095
    0.50719324928571    123.82212719444    1.6804434910167
    0.50816865348947    123.93936505158    1.6804611695272
    0.50914405214219    124.05654081803    1.6804788111876
    0.51011944532306    124.17365468294    1.6804964161387
    0.51109483310910    124.29070683497    1.6805139845231
    0.51207021558014    124.40769746096    1.6805315164773
    0.51304559280975    124.52462674831    1.6805490121462
    0.51402096487763    124.64149488178    1.6805664716634
    0.51499633185717    124.75830204672    1.6805838951709
    0.51597169382460    124.87504842668    1.6806012828047
    0.51694705085489    124.99173420453    1.6806186347013
    0.51792240302167    125.10835956245    1.6806359509978
    0.51889775040142    125.22492468084    1.6806532318251
    0.51987309306437    125.34142974074    1.6806704773229
    0.52084843108687    125.45787492057    1.6806876876193
    0.52182376453909    125.57426039938    1.6807048628509
    0.52279909349402    125.69058635447    1.6807220031485
    0.52377441802253    125.80685296273    1.6807391086446
    0.52474973819832    125.92306039930    1.6807561794658
    0.52572505408979    126.03920883977    1.6807732157458
    0.52670036576812    126.15529845802    1.6807902176125
    0.52767567330325    126.27132942729    1.6808071851941
    0.52865097676385    126.38730192020    1.6808241186197
    0.52962627622149    126.50321610766    1.6808410180123
    0.53060157174233    126.61907216108    1.6808578835021
    0.53157686339542    126.73487025017    1.6808747152133
    0.53255215124860    126.85061054402    1.6808915132708
    0.53352743536922    126.96629321092    1.6809082777988
    0.53450271582348    127.08191841859    1.6809250089220
    0.53547799268032    127.19748633305    1.6809417067597
    0.53645326600273    127.31299712107    1.6809583714388
    0.53742853585883    127.42845094710    1.6809750030773
    0.53840380231316    127.54384797567    1.6809916017973
    0.53937906543152    127.65918837009    1.6810081677175
    0.54035432527683    127.77447229357    1.6810247009602
    0.54132958191405    127.88969990789    1.6810412016430
    0.54230483540698    128.00487137426    1.6810576698842
    0.54328008581898    128.11998685318    1.6810741058013
    0.54425533321226    128.23504650457    1.6810905095128
    0.54523057765185    128.35005048673    1.6811068811311
    0.54620581919759    128.46499895855    1.6811232207758
    0.54718105791216    128.57989207730    1.6811395285607
    0.54815629385704    128.69472999972    1.6811558046005
    0.54913152709337    128.80951288183    1.6811720490090
    0.55010675768190    128.92424087892    1.6811882618996
    0.55108198568223    129.03891414580    1.6812044433862
    0.55205721115680    129.15353283565    1.6812205935771
    0.55303243416286    129.26809710229    1.6812367125878
    0.55400765476055    129.38260709793    1.6812528005278
    0.55498287300804    129.49706297455    1.6812688575088
    0.55595808896554    129.61146488272    1.6812848836380
    0.55693330269132    129.72581297278    1.6813008790246
    0.55790851424171    129.84010739487    1.6813168437798
    0.55888372367424    129.95434829797    1.6813327780118
    0.55985893104859    130.06853582965    1.6813486818240
    0.56083392679887    130.18273227637    1.6813649024009
    0.56180913042331    130.29681364197    1.6813807458751
    0.56278433215977    130.41084207731    1.6813965592498
    0.56375953206298    130.52481772836    1.6814123426322
    0.56473473018886    130.63874073998    1.6814280961265
    0.56570992659274    130.75261125644    1.6814438198368
    0.56668512132941    130.86642942145    1.6814595138668
    0.56766031445358    130.98019537797    1.6814751783196
    0.56863550601947    131.09390926839    1.6814908132978
    0.56961069608101    131.20757123446    1.6815064189037
    0.57058588469194    131.32118141724    1.6815219952386
    0.57156107190552    131.43473995721    1.6815375424035
    0.57253625777439    131.54824699434    1.6815530604999
    0.57351144235245    131.66170266748    1.6815685496256
    0.57448662569090    131.77510711559    1.6815840098821
    0.57546180784193    131.88846047664    1.6815994413684
    0.57643698885837    132.00176288768    1.6816148441813
    0.57741216879072    132.11501448579    1.6816302184203
    0.57838734769013    132.22821540715    1.6816455641832
    0.57936252560862    132.34136578699    1.6816608815650
    0.58033770259567    132.45446576061    1.6816761706643
    0.58131287870199    132.56751546228    1.6816914315764
    0.58228805397772    132.68051502576    1.6817066643967
    0.58326322847207    132.79346458442    1.6817218692212
    0.58423840223540    132.90636427059    1.6817370461430
    0.58521357531681    133.01921421635    1.6817521952565
    0.58618874776410    133.13201455351    1.6817673166571
    0.58716391962740    133.24476541249    1.6817824104354
    0.58813909095397    133.35746692397    1.6817974766861
    0.58911426179213    133.47011921764    1.6818125155011
    0.59008943218985    133.58272242264    1.6818275269718
    0.59106460219454    133.69527666767    1.6818425111899
    0.59203977185310    133.80778208093    1.6818574682469
    0.59301494121368    133.92023878959    1.6818723982312
    0.59399011032148    134.03264692114    1.6818873012356
    0.59496527922451    134.14500660154    1.6819021773469
    0.59594044796773    134.25731795709    1.6819170266564
    0.59691561659756    134.36958111301    1.6819318492521
    0.59789078515967    134.48179619415    1.6819466452221
    0.59886595369945    134.59396332483    1.6819614146545
    0.59984112226201    134.70608262885    1.6819761576367
    0.60081629089240    134.81815422942    1.6819908742555
    0.60179145963485    134.93017824942    1.6820055645982
    0.60276662853485    135.04215481070    1.6820202287492
    0.60374179763553    135.15408403532    1.6820348667959
    0.60471696698074    135.26596604448    1.6820494788238
    0.60569213661531    135.37780095848    1.6820640649159
    0.60666730658151    135.48958889787    1.6820786251585
    0.60764247692299    135.60132998217    1.6820931596352
    0.60861764768260    135.71302433058    1.6821076684296
    0.60959281890311    135.82467206175    1.6821221516250
    0.61056799062695    135.93627329388    1.6821366093045
    0.61154316289644    136.04782814461    1.6821510415502
    0.61251833575356    136.15933673115    1.6821654484445
    0.61349350923966    136.27079917037    1.6821798300698
    0.61446868339708    136.38221557819    1.6821941865059
    0.61544385826708    136.49358607039    1.6822085178340
    0.61641903389009    136.60491076246    1.6822228241358
    0.61739421030693    136.71618976922    1.6822371054915
    0.61836938755937    136.82742320457    1.6822513619788
    0.61934456568665    136.93861118279    1.6822655936795
    0.62031974472942    137.04975381709    1.6822798006715
    0.62129492472764    137.16085122040    1.6822939830338
    0.62227010572102    137.27190350518    1.6823081408446
    0.62324528774913    137.38291078343    1.6823222741819
    0.62422047085093    137.49387316682    1.6823363831239
    0.62519565506624    137.60479076617    1.6823504677465
    0.62617084043397    137.71566369212    1.6823645281266
    0.62714602699210    137.82649205511    1.6823785643419
    0.62812121477948    137.93727596474    1.6823925764678
    0.62909640383430    138.04801553035    1.6824065645805
    0.63007159419438    138.15871086087    1.6824205287556
    0.63104678589854    138.26936206436    1.6824344690665
    0.63202197898344    138.37996924918    1.6824483855899
    0.63299717348644    138.49053252289    1.6824622784002
    0.63397236944593    138.60105199220    1.6824761475693
    0.63494756689786    138.71152776420    1.6824899931731
    0.63592276587909    138.82195994514    1.6825038152848
    0.63689796642734    138.93234864046    1.6825176139755
    0.63787316857758    139.04269395612    1.6825313893207
    0.63884837236725    139.15299599668    1.6825451413906
    0.63982357783225    139.26325486678    1.6825588702574
    0.64079878500788    139.37347067079    1.6825725759939
    0.64177399393015    139.48364351234    1.6825862586710
    0.64274920463409    139.59377349495    1.6825999183605
    0.64372441715618    139.70386072109    1.6826135551309
    0.64469963153011    139.81390529384    1.6826271690554
    0.64567484779211    139.92390731482    1.6826407602015
    0.64665006597595    140.03386688612    1.6826543286408
    0.64762528611651    140.14378410894    1.6826678744424
    0.64860050824818    140.25365908420    1.6826813976751
    0.64957573240514    140.36349191244    1.6826948984079
    0.65055095862136    140.47328269380    1.6827083767094
    0.65152618693072    140.58303152802    1.6827218326478
    0.65250141736683    140.69273851447    1.6827352662909
    0.65347664996317    140.80240375212    1.6827486777065
    0.65445188475304    140.91202733956    1.6827620669617
    0.65542712176958    141.02160937500    1.6827754341237
    0.65640236104567    141.13114995628    1.6827887792592
    0.65737760261382    141.24064918097    1.6828021024351
    0.65835284650762    141.35010714572    1.6828154037157
    0.65932809275848    141.45952394767    1.6828286831688
    0.66030334139898    141.56889968301    1.6828419408592
    0.66127859246124    141.67823444768    1.6828551768522
    0.66225384597719    141.78752833729    1.6828683912128
    0.66322910197855    141.89678144705    1.6828815840056
    0.66420436049657    142.00599387199    1.6828947552957
    0.66517962156373    142.11516570616    1.6829079051452
    0.66615488521026    142.22429704413    1.6829210336200
    0.66713015146760    142.33338797953    1.6829341407828
    0.66810542036666    142.44243860581    1.6829472266970
    0.66908069193828    142.55144901601    1.6829602914256
    0.67005596621304    142.66041930287    1.6829733350312
    0.67103124322137    142.76934955877    1.6829863575764
    0.67200652299361    142.87823987571    1.6829993591233
    0.67298180555960    142.98709034549    1.6830123397344
    0.67395709095024    143.09590105904    1.6830252994695
    0.67493237919412    143.20467210790    1.6830382383925
    0.67590767032221    143.31340358213    1.6830511565618
    0.67688296436271    143.42209557263    1.6830640540410
    0.67785826134631    143.53074816878    1.6830769308880
    0.67883356130130    143.63936146063    1.6830897871650
    0.67980886425671    143.74793553748    1.6831026229322
    0.68078417024210    143.85647048802    1.6831154382481
    0.68175947928629    143.96496640086    1.6831282331720
    0.68273479141693    144.07342336474    1.6831410077655
    0.68371010666380    144.18184146704    1.6831537620846
    0.68468542505391    144.29022079602    1.6831664961910
    0.68566074661677    144.39856143841    1.6831792101406
    0.68663607137948    144.50686348163    1.6831919039934
    0.68761139936992    144.61512701238    1.6832045778078
    0.68858673061684    144.72335211658    1.6832172316392
    0.68956206514688    144.83153888071    1.6832298655475
    0.69053740298784    144.93968739035    1.6832424795891
    0.69151274416672    145.04779773109    1.6832550738218
    0.69248808871179    145.15586998753    1.6832676483003
    0.69346343664902    145.26390424496    1.6832802030834
    0.69443878800546    145.37190058782    1.6832927382272
    0.69541414280876    145.47985909987    1.6833052537860
    0.69638950108441    145.58777986553    1.6833177498181
    0.69736486285977    145.69566296796    1.6833302263773
    0.69834022816095    145.80350849056    1.6833426835197
    0.69931559701458    145.91131651611    1.6833551212996
    0.70029096944581    146.01908712772    1.6833675397740
    0.70126634548185    146.12682040717    1.6833799389950
    0.70224172514731    146.23451643713    1.6833923190198
    0.70321710846922    146.34217529872    1.6834046798999
    0.70419249547226    146.44979707388    1.6834170216912
    0.70516788618183    146.55738184382    1.6834293444477
    0.70614328062392    146.66492968910    1.6834416482216
    0.70711867882378    146.77244069031    1.6834539330661
    0.70809408080589    146.87991492805    1.6834661990358
    0.70906948659545    146.98735248225    1.6834784461831
    0.71004489621744    147.09475343256    1.6834906745603
    0.71102030969645    147.20211785851    1.6835028842202
    0.71199572705680    147.30944583940    1.6835150752157
    0.71297114832394    147.41673745363    1.6835272475966
    0.71394657352095    147.52399278045    1.6835394014177
    0.71492200267327    147.63121189758    1.6835515367279
    0.71589743580384    147.73839488366    1.6835636535811
    0.71687287293751    147.84554181604    1.6835757520267
    0.71784831409817    147.95265277221    1.6835878321156
    0.71882375930866    148.05972782987    1.6835998939006
    0.71979920859387    148.16676706533    1.6836119374296
    0.72077466197634    148.27377055578    1.6836239627550
    0.72175011947987    148.38073837744    1.6836359699262
    0.72272558112764    148.48767060652    1.6836479589934
    0.72370104694286    148.59456731889    1.6836599300062
    0.72467651694861    148.70142859014    1.6836718830141
    0.72565199116785    148.80825449564    1.6836838180666
    0.72662746962338    148.91504511048    1.6836957352127
    0.72760295233760    149.02180050967    1.6837076345023
    0.72857843933373    149.12852076747    1.6837195159826
    0.72955393063426    149.23520595817    1.6837313797023
    0.73052942626072    149.34185615630    1.6837432257117
    0.73150492623653    149.44847143505    1.6837550540564
    0.73248043058273    149.55505186858    1.6837668647869
    0.73345593932218    149.66159752973    1.6837786579492
    0.73443145247690    149.76810849150    1.6837904335908
    0.73540697006811    149.87458482703    1.6838021917604
    0.73638249211753    149.98102660887    1.6838139325055
    0.73735801864741    150.08743390895    1.6838256558715
    0.73833354967925    150.19380679934    1.6838373619054
    0.73930908523367    150.30014535228    1.6838490506558
    0.74028462533275    150.40644963889    1.6838607221673
    0.74126016999771    150.51271973045    1.6838723764862
    0.74223571924891    150.61895569849    1.6838840136604
    0.74321127310808    150.72515761337    1.6838956337341
    0.74418683159615    150.83132554568    1.6839072367531
    0.74516239473345    150.93745956604    1.6839188227640
    0.74613796254057    151.04355974460    1.6839303918125
    0.74711353503902    151.14962615070    1.6839419439416
    0.74808911224841    151.25565885449    1.6839534791985
    0.74906469418949    151.36165792517    1.6839649976274
    0.75004028088252    151.46762343191    1.6839764992728
    0.75101587234769    151.57355544365    1.6839879841795
    0.75199146860515    151.67945402906    1.6839994523917
    0.75296706967463    151.78531925679    1.6840109039541
    0.75394267557656    151.89115119474    1.6840223389097
    0.75491828633048    151.99694991109    1.6840337573028
    0.75589390195615    152.10271547360    1.6840451591770
    0.75686952247344    152.20844794967    1.6840565445752
    0.75784514790141    152.31414740694    1.6840679135420
    0.75882077825967    152.41981391237    1.6840792661201
    0.75979641356736    152.52544753300    1.6840906023530
    0.76077205384450    152.63104833499    1.6841019222815
    0.76174769910952    152.73661638525    1.6841132259502
    0.76272334938167    152.84215174987    1.6841245134011
    0.76369900467974    152.94765449498    1.6841357846771
    0.76467466502334    153.05312468588    1.6841470398184
    0.76565033043029    153.15856238878    1.6841582788697
    0.76662600092026    153.26396766839    1.6841695018701
    0.76760167651092    153.36934059046    1.6841807088640
    0.76857735722174    153.47468121929    1.6841918998904
    0.76955304307022    153.57998962021    1.6842030749930
    0.77052873407569    153.68526585705    1.6842142342107
    0.77150443025538    153.79050999480    1.6842253775871
    0.77248013162854    153.89572209679    1.6842365051602
    0.77345583821244    154.00090222745    1.6842476169732
    0.77443155002540    154.10605045022    1.6842587130657
    0.77540726708531    154.21116682856    1.6842697934782
    0.77638298941001    154.31625142570    1.6842808582510
    0.77735871701726    154.42130430468    1.6842919074243
    0.77833444992445    154.52632552852    1.6843029410387
    0.77931018814993    154.63131515931    1.6843139591321
    0.78028593171049    154.73627325996    1.6843249617459
    0.78126168062373    154.84119989257    1.6843359489194
    0.78223743490705    154.94609511911    1.6843469206917
    0.78321319457742    155.05095900160    1.6843578771027
    0.78418895965274    155.15579160115    1.6843688181897
    0.78516473014942    155.26059297966    1.6843797439934
    0.78614050608466    155.36536319823    1.6843906545521
    0.78711628747540    155.47010231786    1.6844015499043
    0.78809207433854    155.57481039937    1.6844124300887
    0.78906786669078    155.67948750344    1.6844232951436
    0.79004366454887    155.78413369047    1.6844341451072
    0.79101946792916    155.88874902092    1.6844449800182
    0.79199527684889    155.99333355431    1.6844557999127
    0.79297109132383    156.09788735103    1.6844666048303
    0.79394691137035    156.20241047077    1.6844773948089
    0.79492273700525    156.30690297264    1.6844881698845
    0.79589856824472    156.41136491597    1.6844989300945
    0.79687440510447    156.51579636020    1.6845096754776
    0.79785024760080    156.62019736410    1.6845204060702
    0.79882609574971    156.72456798640    1.6845311219093
    0.79980194956715    156.82890828563    1.6845418230316
    0.80077780906894    156.93321832020    1.6845525094739
    0.80175367427065    157.03749814844    1.6845631812735
    0.80272954518868    157.14174782782    1.6845738384647
    0.80370542183796    157.24596741671    1.6845844810859
    0.80468130423429    157.35015697255    1.6845951091726
    0.80565719239313    157.45431655282    1.6846057227609
    0.80663308632990    157.55844621480    1.6846163218866
    0.80760898605998    157.66254601556    1.6846269065855
    0.80858489159839    157.76661601222    1.6846374768939
    0.80956080296101    157.87065626096    1.6846480328453
    0.81053672016227    157.97466681895    1.6846585744773
    0.81151264321730    158.07864774250    1.6846691018249
    0.81248857214145    158.18259908752    1.6846796149220
    0.81346450694946    158.28652091022    1.6846901138043
    0.81444044765642    158.39041326625    1.6847005985059
    0.81541639427642    158.49427621192    1.6847110690638
    0.81639234682486    158.59810980213    1.6847215255104
    0.81736830531634    158.70191409231    1.6847319678803
    0.81834426976483    158.80568913812    1.6847423962099
    0.81932024018570    158.90943499387    1.6847528105307
    0.82029621659273    159.01315171496    1.6847632108790
    0.82127219900029    159.11683935607    1.6847735972888
    0.82224818742317    159.22049797129    1.6847839697924
    0.82322418187556    159.32412761500    1.6847943284238
    0.82420018237102    159.42772834193    1.6848046732188
    0.82517618892451    159.53130020532    1.6848150042079
    0.82615220154927    159.63484325975    1.6848253214274
    0.82712822025985    159.73835755839    1.6848356249086
    0.82810424507022    159.84184315470    1.6848459146845
    0.82908027599377    159.94530010245    1.6848561907898
    0.83005631304455    160.04872845461    1.6848664532565
    0.83103235623609    160.15212826439    1.6848767021182
    0.83200840558260    160.25549958414    1.6848869374057
    0.83298446109713    160.35884246709    1.6848971591534
    0.83396052279344    160.46215696559    1.6849076654632
    0.83493659068494    160.56544313209    1.6849178599868
    0.83591266478490    160.66870101896    1.6849280410683
    0.83688874510708    160.77193067789    1.6849382087384
    0.83786475245711    160.87512378742    1.6849483622059
    0.83884084576280    160.97829720163    1.6849585031570
    0.83981694532967    161.08144254353    1.6849686307940
    0.84079305117140    161.18455986401    1.6849787451464
    0.84176916330051    161.28764921489    1.6849888462478
    0.84274528173016    161.39071064717    1.6849989341291
    0.84372140647328    161.49374421183    1.6850090088217
    0.84469753754276    161.59674995969    1.6850190703566
    0.84567367495140    161.69972794148    1.6850291187652
    0.84664981871200    161.80267820768    1.6850391540784
    0.84762596883719    161.90560080873    1.6850491763272
    0.84860212533967    162.00849579485    1.6850591855424
    0.84957828823202    162.11136321611    1.6850691817546
    0.85055445752674    162.21420312247    1.6850791649946
    0.85153063323636    162.31701556369    1.6850891352927
    0.85250681537319    162.41980058950    1.6850990926795
    0.85348300394970    162.52255824929    1.6851090371851
    0.85445919897795    162.62528859267    1.6851189688405
    0.85543540047071    162.72799166828    1.6851288876737
    0.85641160843969    162.83066752573    1.6851387937168
    0.85738782289698    162.93331621394    1.6851486869995
    0.85836404385504    163.03593778132    1.6851585675504
    0.85934027132586    163.13853227648    1.6851684353990
    0.86031650532110    163.24109974831    1.6851782905764
    0.86129274585266    163.34364024517    1.6851881331120
    0.86226899293275    163.44615381485    1.6851979630337
    0.86324524657300    163.54864050564    1.6852077803717
    0.86422150678534    163.65110036526    1.6852175851542
    0.86519777358114    163.75353344187    1.6852273774119
    0.86617404697223    163.85593978293    1.6852371571728
    0.86715032697015    163.95831943601    1.6852469244662
    0.86812661358651    164.06067244840    1.6852566793204
    0.86910290683262    164.16299886755    1.6852664217651
    0.87007920672038    164.26529874001    1.6852761518267
    0.87105551326075    164.36757211327    1.6852858695356
    0.87203182646501    164.46981903423    1.6852955749205
    0.87300814634494    164.57203954895    1.6853052680074
    0.87398447291116    164.67423370477    1.6853149488274
    0.87496080617533    164.77640154753    1.6853246174064
    0.87593714614840    164.87854312373    1.6853342737732
    0.87691349284161    164.98065847932    1.6853439179549
    0.87788984626572    165.08274766072    1.6853535499808
    0.87886620643169    165.18481071384    1.6853631698787
    0.87984257335089    165.28684768385    1.6853727776741
    0.88081894703380    165.38885861695    1.6853823733966
    0.88179532749141    165.49084355844    1.6853919570728
    0.88277171473432    165.59280255392    1.6854015287310
    0.88374810877373    165.69473564802    1.6854110883963
    0.88472450961989    165.79664288647    1.6854206360979
    0.88570091728359    165.89852431405    1.6854301718623
    0.88667733177530    166.00037997580    1.6854396957171
    0.88765375310596    166.10220991587    1.6854492076872
    0.88863018128569    166.20401417947    1.6854587078014
    0.88960661632492    166.30579281107    1.6854681960865
    0.89058305823436    166.40754585461    1.6854776725676
    0.89155950702430    166.50927335438    1.6854871372716
    0.89253596270487    166.61097535481    1.6854965902260
    0.89351242528630    166.71265189994    1.6855060314574
    0.89448889477920    166.81430303300    1.6855154609899
    0.89546537119337    166.91592879834    1.6855248788518
    0.89644185453893    167.01752923957    1.6855342850693
    0.89741834482625    167.11910439974    1.6855436796668
    0.89839484206520    167.22065432249    1.6855530626713
    0.89937134626594    167.32217905081    1.6855624341076
    0.90034785743803    167.42367862848    1.6855717940039
    0.90132437559187    167.52515309767    1.6855811423828
    0.90230090073696    167.62660250186    1.6855904792721
    0.90327743288324    167.72802688366    1.6855998046968
    0.90425397204049    167.82942628570    1.6856091186821
    0.90523051821832    167.93080075072    1.6856184212541
    0.90620707142663    168.03215032075    1.6856277124369
    0.90718363167500    168.13347503823    1.6856369922560
    0.90816019897310    168.23477494520    1.6856462607361
    0.90913677333027    168.33605008412    1.6856555179036
    0.91011335475615    168.43730049672    1.6856647637826
    0.91108994326010    168.53852622508    1.6856739983989
    0.91206653885188    168.63972731026    1.6856832217749
    0.91304314154057    168.74090379448    1.6856924339374
    0.91401975133560    168.84205571907    1.6857016349106
    0.91499636824627    168.94318312542    1.6857108247190
    0.91597299228187    169.04428605476    1.6857200033868
    0.91694962345152    169.14536454845    1.6857291709393
    0.91792626176461    169.24641864712    1.6857383273992
    0.91890290723026    169.34744839173    1.6857474727909
    0.91987955985737    169.44845382353    1.6857566071400
    0.92085621965503    169.54943498319    1.6857657304704
    0.92183288663254    169.65039191070    1.6857748428040
    0.92280956079858    169.75132464720    1.6857839441670
    0.92378624216210    169.85223323306    1.6857930345830
    0.92476293073230    169.95311770790    1.6858021140736
    0.92573962651772    170.05397811258    1.6858111826650
    0.92671632952723    170.15481448711    1.6858202403803
    0.92769303976984    170.25562687086    1.6858292872413
    0.92866975725397    170.35641530449    1.6858383232741
    0.92964648198867    170.45717982690    1.6858473484991
    0.93062321398235    170.55792047836    1.6858563629420
    0.93159995324371    170.65863729821    1.6858653666251
    0.93257669978134    170.75933032589    1.6858743595717
    0.93355345360381    170.85999960068    1.6858833418046
    0.93453021471953    170.96064516207    1.6858923133479
    0.93550698313724    171.06126704851    1.6859012742220
    0.93648375886511    171.16186529970    1.6859102244522
    0.93746054191158    171.26243995452    1.6859191640611
    0.93843733228515    171.36299105135    1.6859280930699
    0.93941412999415    171.46351862894    1.6859370115012
    0.94039093504669    171.56402272637    1.6859459193793
    0.94136774745114    171.66450338191    1.6859548167256
    0.94234456721570    171.76496063394    1.6859637035624
    0.94332139434848    171.86539452109    1.6859725799132
    0.94429822885782    171.96580508094    1.6859814457978
    0.94527507075158    172.06619235244    1.6859903012412
    0.94625192003808    172.16655637278    1.6859991462626
    0.94722877672518    172.26689718058    1.6860079808863
    0.94820564082092    172.36721481346    1.6860168051334
    0.94918251233327    172.46750930925    1.6860256190259
    0.95015939127017    172.56778070556    1.6860344225854
    0.95113627763945    172.66802904025    1.6860432158345
    0.95211317144915    172.76825435011    1.6860519987925
    0.95309007270692    172.86845667327    1.6860607714833
    0.95406698142060    172.96863604682    1.6860695339276
    0.95504389759789    173.06879250822    1.6860782861473
    0.95602082124670    173.16892609397    1.6860870281618
    0.95699775237452    173.26903684187    1.6860957599943
    0.95797469098908    173.36912478869    1.6861044816654
    0.95895163709798    173.46918997135    1.6861131931960
    0.95992859070882    173.56923242676    1.6861218946071
    0.96090555182915    173.66925219169    1.6861305859197
    0.96188252046648    173.76924930290    1.6861392671544
    0.96285949662831    173.86922379703    1.6861479383319
    0.96383648032202    173.96917571099    1.6861565994737
    0.96481347155518    174.06910508063    1.6861652505979
    0.96579047033504    174.16901194316    1.6861738917271
    0.96676747666898    174.26889633487    1.6861825228810
    0.96774449056435    174.36875829217    1.6861911440795
    0.96872151202836    174.46859785178    1.6861997553435
    0.96969854106840    174.56841504942    1.6862083566906
    0.97067557769157    174.66820992220    1.6862169481428
    0.97165262190506    174.76798250656    1.6862255297195
    0.97262967371614    174.86773283833    1.6862341014381
    0.97360673313180    174.96746095472    1.6862426633199
    0.97458380015920    175.06716689211    1.6862512153831
    0.97556087480537    175.16685068728    1.6862597576466
    0.97653795707735    175.26651237704    1.6862682901286
    0.97751504698209    175.36615199877    1.6862768128481
    0.97849214452665    175.46576958910    1.6862853258207
    0.97946924971783    175.56536518663    1.6862938290666
    0.98044636256264    175.66493882850    1.6863023225996
    0.98142348306786    175.76449055406    1.6863108064382
    0.98240061124032    175.86402040265    1.6863192805976
    0.98337774708688    175.96352841384    1.6863277450902
    0.98435489061420    176.06301462994    1.6863361999321
    0.98533204182907    176.16247909328    1.6863446451328
    0.98630920073817    176.26192184892    1.6863530807020
    0.98728636734809    176.36134294538    1.6863615066488
    0.98826354166549    176.46074243352    1.6863699229736
    0.98924072369687    176.56012037143    1.6863783296778
    0.99021791344880    176.65947682333    1.6863867267493
    0.99119511092766    176.75881186699    1.6863951141714
    0.99217231613988    176.85812559667    1.6864034919046
    0.99314952909172    176.95741813788    1.6864118598878
    0.99412674978935    177.05668966635    1.6864202180104
    0.99510397823878    177.15594045340    1.6864285660767
    0.99608121444570    177.25517096727    1.6864369037129
    0.99705845841531    177.35438214787    1.6864452301160
    0.99803571015159    177.45357637370    1.6864535431881
    0.99901296965476    177.55276293919    1.6864618345714
    0.99999023687804    177.65267039816    1.6864694456397
