2.91263e+9     1.00000e+0
7.60243e+9     2.00856e+0
1.44782e+10     2.99200e+0
1.98435e+10     3.98990e+0
3.20592e+10     4.97869e+0
4.21697e+10     6.93979e+0
4.64159e+10     8.01394e+0
4.77058e+10     9.88991e+0
4.77058e+10     1.40941e+1
4.90316e+10     6.00961e+0
5.62341e+10     8.95206e+0
5.94032e+10     1.09260e+1
8.03086e+10     1.00000e+1
8.25404e+10     1.39390e+1
8.96151e+10     1.30432e+1
9.46652e+10     2.39777e+1
1.17877e+11     2.50633e+1
1.22825e+11     2.59096e+1
1.35192e+11     1.70125e+1
2.27585e+11     3.53246e+1
3.48070e+11     5.26204e+1
4.15956e+11     6.00961e+1
4.21697e+11     7.17413e+1
4.33416e+11     5.37984e+1
5.17947e+11     6.86339e+1
7.09889e+11     1.19378e+2
1.85292e+12     2.73842e+2
3.38658e+12     5.32061e+2
4.83642e+12     6.78783e+2

