LMC            162.7    11.16    16
SMC            36.9     10.56    1
NGC6822        10.3     10.47    8
WLM            4.1      9.95     1
Pegasus        0.65     8.5      1
Aquarius       0.15     8.82     1
DDO52          6.38     10.32    2
ESO059-01      5.08     10.45    1
ESO121-20      0.98     9.49     1
ESO137-18      68.0     10.67    7
ESO154-023     19.9     10.43    3
ESO223-09      22.6     10.5     8
ESO269-58      30.1     9.6      8
ESO274-01      151.1    10.86    10
ESO381-20      5.4      9.91     1
ESO384-016     1.8      7.77     2
IC1959         14.1     10.51    7
KK16           0.52     7.99     1
KK17           0.1      8.16     1
KK246          0.97     10.07    2
KKH77          3.98     9.48     2
NGC1311        11.7     9.89     5
NGC247         232.5    11.39    25
NGC4163        1.92     8.87     2
NGC4605        172.9    10.58    22
NGC5237        15.5     9.87     3
NGC784         84.6     10.66    6
UGC1281        12.6     10.47    2
UGC3755        9.28     8.79     9
UCG4115        8.52     10.0     5
UGC685         3.22     10.03    5
UGC8760        1.08     8.45     1
UGCA86         16.5     10.59    11
UGCA92         4.48     9.68     2
NGC1427A       199.4    10.16    38
