0.000001 1.433873
0.000001 1.462723
0.000001 1.492153
0.000001 1.522176
0.000001 1.552802
0.000001 1.584045
0.000001 1.615916
0.000001 1.648429
0.000001 1.681595
0.000001 1.715430
0.000001 1.749944
0.000001 1.785154
0.000001 1.821071
0.000001 1.857712
0.000001 1.895089
0.000001 1.933219
0.000001 1.972115
0.000001 2.011795
0.000001 2.052273
0.000001 2.093565
0.000002 2.135688
0.000002 2.178658
0.000002 2.222493
0.000002 2.267210
0.000002 2.312827
0.000002 2.359362
0.000002 2.406832
0.000002 2.455258
0.000002 2.504659
0.000002 2.555053
0.000002 2.606461
0.000002 2.658904
0.000002 2.712401
0.000002 2.766975
0.000002 2.822648
0.000002 2.879440
0.000002 2.937375
0.000002 2.996475
0.000002 3.056765
0.000002 3.118268
0.000002 3.181008
0.000002 3.245011
0.000002 3.310301
0.000002 3.376905
0.000002 3.444849
0.000003 3.514160
0.000003 3.584866
0.000003 3.656994
0.000003 3.730573
0.000003 3.805633
0.000003 3.882203
0.000003 3.960314
0.000003 4.039996
0.000003 4.121282
0.000003 4.204203
0.000003 4.288793
0.000003 4.375084
0.000003 4.463112
0.000003 4.552910
0.000003 4.644516
0.000003 4.737964
0.000004 4.833293
0.000004 4.930540
0.000004 5.029744
0.000004 5.130943
0.000004 5.234179
0.000004 5.339492
0.000004 5.446923
0.000004 5.556516
0.000004 5.668315
0.000004 5.782362
0.000004 5.898705
0.000004 6.017388
0.000005 6.138459
0.000005 6.261966
0.000005 6.387958
0.000005 6.516485
0.000005 6.647598
0.000005 6.781349
0.000005 6.917792
0.000005 7.056979
0.000005 7.198967
0.000005 7.343812
0.000006 7.491571
0.000006 7.642303
0.000006 7.796067
0.000006 7.952926
0.000006 8.112940
0.000006 8.276174
0.000006 8.442693
0.000006 8.612562
0.000007 8.785848
0.000007 8.962621
0.000007 9.142951
0.000007 9.326909
0.000007 9.514568
0.000007 9.706004
0.000007 9.901290
0.000008 10.100506
0.000008 10.303731
0.000008 10.511044
0.000008 10.722528
0.000008 10.938268
0.000008 11.158348
0.000009 11.382856
0.000009 11.611882
0.000009 11.845515
0.000009 12.083850
0.000009 12.326979
0.000010 12.575001
0.000010 12.828012
0.000010 13.086114
0.000010 13.349410
0.000010 13.618003
0.000011 13.892000
0.000011 14.171510
0.000011 14.456644
0.000011 14.747514
0.000012 15.044237
0.000012 15.346930
0.000012 15.655714
0.000012 15.970710
0.000013 16.292044
0.000013 16.619844
0.000013 16.954238
0.000013 17.295361
0.000014 17.643347
0.000014 17.998335
0.000014 18.360466
0.000015 18.734768
0.000015 19.130198
0.000015 19.526850
0.000015 19.925731
0.000016 20.327845
0.000016 20.734200
0.000016 21.145802
0.000017 21.563656
0.000017 21.988771
0.000018 22.422150
0.000018 22.864802
0.000018 23.317732
0.000019 23.781710
0.000019 24.256835
0.000019 24.743085
0.000020 25.240442
0.000020 25.748883
0.000021 26.268388
0.000021 26.798937
0.000022 27.340509
0.000022 27.893083
0.000022 28.456638
0.000023 29.031155
0.000023 29.616670
0.000024 30.213447
0.000024 30.821801
0.000025 31.442049
0.000025 32.074507
0.000026 32.719490
0.000027 33.377315
0.000027 34.048299
0.000028 34.732756
0.000028 35.431005
0.000029 36.143360
0.000029 36.870135
0.000030 37.611638
0.000031 38.368170
0.000031 39.140034
0.000032 39.927534
0.000033 40.730971
0.000033 41.550648
0.000034 42.386868
0.000035 43.239935
0.000035 44.110150
0.000036 44.997816
0.000037 45.903246
0.000038 46.826814
0.000039 47.768922
0.000039 48.729972
0.000040 49.710366
0.000041 50.710507
0.000042 51.730797
0.000043 52.771638
0.000044 53.833432
0.000045 54.916581
0.000045 56.021488
0.000046 57.148560
0.000047 58.298261
0.000048 59.471085
0.000049 60.667527
0.000050 61.888083
0.000051 63.133247
0.000053 64.403514
0.000054 65.699380
0.000055 67.021340
0.000056 68.369888
0.000057 69.745519
0.000058 71.148734
0.000060 72.580100
0.000061 74.040235
0.000062 75.529759
0.000063 77.049290
0.000065 78.599447
0.000066 80.180850
0.000067 81.794118
0.000069 83.439870
0.000070 85.118725
0.000072 86.831302
0.000073 88.578225
0.000075 90.360189
0.000076 92.177964
0.000078 94.032321
0.000080 95.924032
0.000081 97.853868
0.000083 99.822602
0.000085 101.831003
0.000086 103.879845
0.000088 105.969899
0.000090 108.101936
0.000092 110.276730
0.000094 112.495136
0.000096 114.758109
0.000098 117.066611
0.000100 119.421605
0.000102 121.824052
0.000104 124.274915
0.000106 126.775155
0.000109 129.325734
0.000111 131.927616
0.000113 134.581760
0.000116 137.289132
0.000118 140.050778
0.000121 142.867885
0.000123 145.741652
0.000126 148.673277
0.000128 151.663959
0.000131 154.714898
0.000134 157.827291
0.000137 161.002338
0.000139 164.241238
0.000142 167.545189
0.000145 170.915390
0.000148 174.353128
0.000151 177.859871
0.000155 181.437111
0.000158 185.086343
0.000161 188.809060
0.000165 192.606753
0.000168 196.480918
0.000171 200.433045
0.000175 204.464630
0.000179 208.577164
0.000182 212.772141
0.000186 217.051137
0.000190 221.415970
0.000194 225.868495
0.000198 230.410571
0.000202 235.044056
0.000207 239.770808
0.000211 244.592684
0.000215 249.511542
0.000220 254.529241
0.000225 259.647638
0.000229 264.868591
0.000234 270.194035
0.000239 275.626208
0.000244 281.167419
0.000249 286.819974
0.000254 292.586184
0.000260 298.468356
0.000265 304.468799
0.000271 310.589822
0.000276 316.833733
0.000282 323.202839
0.000288 329.699451
0.000294 336.325947
0.000300 343.085071
0.000307 349.979686
0.000313 357.012653
0.000320 364.186837
0.000326 371.505098
0.000333 378.970300
0.000340 386.585305
0.000347 394.352975
0.000354 402.276173
0.000362 410.357761
0.000369 418.600662
0.000377 427.008230
0.000385 435.584002
0.000393 444.331515
0.000401 453.254310
0.000410 462.355923
0.000418 471.639893
0.000427 481.109759
0.000436 490.769059
0.000445 500.621332
0.000455 510.670115
0.000464 520.918998
0.000474 531.372054
0.000484 542.033638
0.000494 552.908105
0.000504 563.999811
0.000515 575.313111
0.000526 586.852361
0.000537 598.621918
0.000548 610.626137
0.000559 622.869374
0.000571 635.355985
0.000583 648.090363
0.000595 661.077434
0.000608 674.322518
0.000621 687.830945
0.000634 701.608045
0.000647 715.659149
0.000660 729.989585
0.000674 744.604683
0.000688 759.509774
0.000703 774.710187
0.000718 790.211253
0.000733 806.018326
0.000748 822.137325
0.000764 838.574710
0.000780 855.336963
0.000796 872.430566
0.000813 889.862000
0.000830 907.637748
0.000847 925.764292
0.000865 944.248113
0.000883 963.095693
0.000901 982.313514
0.000920 1001.908074
0.000940 1021.886419
0.000959 1042.256285
0.000979 1063.025448
0.001000 1084.201688
0.001021 1105.792782
0.001042 1127.806510
0.001064 1150.250648
0.001087 1173.132975
0.001109 1196.461270
0.001133 1220.243310
0.001156 1244.486882
0.001181 1269.200314
0.001205 1294.392824
0.001231 1320.073708
0.001256 1346.252263
0.001283 1372.937788
0.001310 1400.139581
0.001337 1427.866938
0.001365 1456.129158
0.001394 1484.935538
0.001423 1514.295375
0.001453 1544.217970
0.001483 1574.712966
0.001514 1605.790747
0.001546 1637.461794
0.001578 1669.736585
0.001611 1702.625599
0.001645 1736.139318
0.001680 1770.288219
0.001715 1805.082783
0.001751 1840.533489
0.001788 1876.650817
0.001825 1913.445246
0.001863 1950.927637
0.001902 1989.109934
0.001942 2028.004271
0.001983 2067.622786
0.002024 2107.977614
0.002067 2149.080891
0.002110 2190.944752
0.002154 2233.581334
0.002200 2277.002773
0.002246 2321.221204
0.002293 2366.248763
0.002341 2412.097696
0.002390 2458.780666
0.002440 2506.310438
0.002491 2554.699776
0.002543 2603.961446
0.002597 2654.108211
0.002651 2705.152837
0.002707 2757.108087
0.002763 2809.986727
0.002821 2863.801520
0.002880 2918.565232
0.002941 2974.290606
0.003002 3030.990275
0.003065 3088.676840
0.003130 3147.362898
0.003195 3207.061048
0.003262 3267.783890
0.003331 3329.544022
0.003400 3392.354043
0.003472 3456.226551
0.003544 3521.174146
0.003619 3587.209427
0.003695 3654.344806
0.003772 3722.591391
0.003851 3791.959721
0.003932 3862.460337
0.004014 3934.103778
0.004098 4006.900584
0.004184 4080.861295
0.004272 4155.996449
0.004362 4232.316587
0.004453 4309.832248
0.004546 4388.553972
0.004642 4468.492021
0.004739 4549.653940
0.004838 4632.045728
0.004940 4715.673367
0.005043 4800.542839
0.005149 4886.660127
0.005257 4974.031212
0.005367 5062.662077
0.005479 5152.558702
0.005594 5243.727071
0.005712 5336.173165
0.005831 5429.902590
0.005954 5524.915634
0.006078 5621.208639
0.006206 5718.777851
0.006336 5817.619519
0.006469 5917.729892
0.006604 6019.105217
0.006743 6121.741742
0.006884 6225.635716
0.007028 6330.783385
0.007176 6437.180999
0.007326 6544.824473
0.007480 6653.702561
0.007636 6763.797114
0.007796 6875.089702
0.007960 6987.561893
0.008127 7101.195259
0.008297 7215.971368
0.008471 7331.871790
0.008648 7448.878094
0.008830 7566.971852
0.009015 7686.134632
0.009204 7806.347717
0.009397 7927.582112
0.009594 8049.795955
0.009795 8172.946572
0.010000 8296.991288
0.010210 8421.887427
0.010424 8547.592314
0.010642 8674.063275
0.010865 8801.257634
0.011093 8929.132717
0.011325 9057.645849
0.011563 9186.754183
0.011805 9316.403017
0.012053 9446.518299
0.012305 9577.024192
0.012563 9707.844858
0.012826 9838.904461
0.013095 9970.127164
0.013370 10101.437129
0.013650 10232.758521
0.013936 10364.015501
0.014228 10495.132234
0.014527 10626.032816
0.014831 10756.629608
0.015142 10886.809789
0.015459 11016.457283
0.015783 11145.456015
0.016114 11273.689908
0.016452 11401.042886
0.016797 11527.398874
0.017149 11652.641795
0.017508 11776.655573
0.017875 11899.324133
0.018250 12020.531389
0.018632 12140.152954
0.019023 12258.040763
0.019422 12374.042554
0.019829 12488.006069
0.020244 12599.779048
0.020669 12709.209230
0.021102 12816.144356
0.021544 12920.432167
0.021996 13021.920402
0.022457 13120.456801
0.022928 13215.889106
0.023408 13308.065544
0.023899 13396.836221
0.024400 13482.051691
0.024911 13563.562510
0.025433 13641.219230
0.025967 13714.872406
0.026511 13784.372593
0.027067 13849.570345
0.027634 13910.316217
0.028213 13966.460763
0.028804 14017.854537
0.029408 14064.359881
0.030025 14105.900223
0.030654 14142.418718
0.031296 14173.858533
0.031952 14200.162833
0.032622 14221.274784
0.033306 14237.137550
0.034004 14247.694299
0.034717 14252.888194
0.035445 14252.662402
0.036187 14246.960089
0.036946 14235.742822
0.037720 14219.101446
0.038511 14197.182219
0.039318 14170.131608
0.040142 14138.096082
0.040984 14101.222110
0.041843 14059.656159
0.042720 14013.544698
0.043615 13963.034196
0.044530 13908.271120
0.045463 13849.401938
0.046416 13786.584893
0.047389 13720.058355
0.048382 13650.094085
0.049396 13576.963952
0.050432 13500.939827
0.051489 13422.293581
0.052568 13341.297084
0.053670 13258.222206
0.054795 13173.340818
0.055943 13086.924024
0.057116 12999.193625
0.058313 12910.292987
0.059535 12820.358488
0.060783 12729.526508
0.062057 12637.933424
0.063358 12545.714439
0.064686 12452.924050
0.066042 12359.485449
0.067426 12265.309778
0.068840 12170.307998
0.070282 12074.342967
0.071756 11977.164707
0.073260 11878.507080
0.074795 11778.086307
0.076363 11675.524176
0.077964 11570.411014
0.079598 11462.330799
0.081266 11350.848629
0.082970 11235.527250
0.084709 11115.947290
0.086484 10991.704008
0.088297 10862.441924
0.090148 10727.890494
0.092037 10587.830840
0.093966 10442.158958
0.095936 10290.853466
0.097947 10134.084194
0.100000 9972.110670
0.102096 9805.335606
0.104236 9634.307656
0.106421 9459.811567
0.108652 9282.693292
0.110929 9103.852994
0.113254 8924.347762
0.115628 8745.316407
0.118052 8567.752292
0.120526 8392.641913
0.123052 8221.076243
0.125632 8054.002689
0.128265 7892.147553
0.130954 7735.869658
0.133698 7585.321924
0.136501 7440.529911
0.139362 7301.217798
0.142283 7166.777389
0.145265 7036.307761
0.148310 6908.724639
0.151419 6782.782677
0.154593 6657.159129
0.157833 6530.517645
0.161141 6401.632811
0.164519 6269.497511
0.167967 6133.408846
0.171488 5993.135017
0.175083 5848.849170
0.178753 5701.195258
0.182499 5551.260877
0.186325 5400.478044
0.190230 5250.537324
0.194217 5103.177762
0.198288 4960.085652
0.202445 4822.674176
0.206688 4691.949230
0.211020 4568.321385
0.215443 4451.618999
0.219959 4341.149343
0.224570 4235.604895
0.229277 4133.352692
0.234083 4032.609649
0.238989 3931.841390
0.243999 3829.692780
0.249113 3725.076250
0.254335 3617.863540
0.259666 3508.705597
0.265108 3399.014703
0.270665 3290.539650
0.276339 3185.100313
0.282131 3084.096782
0.288044 2988.382012
0.294082 2898.165889
0.300246 2812.966128
0.306540 2731.792678
0.312965 2653.185722
0.319525 2575.643574
0.326222 2497.907654
0.333060 2419.479773
0.340041 2340.538694
0.347169 2261.866084
0.354446 2184.600547
0.361875 2109.919272
0.369460 2038.805462
0.377204 1971.492385
0.385111 1907.583397
0.393183 1846.078682
0.401424 1785.992952
0.409838 1726.546110
0.418429 1667.450843
0.427199 1608.902073
0.436154 1551.623135
0.445296 1496.289382
0.454630 1443.368902
0.464159 1392.840937
0.473888 1344.346075
0.483821 1297.267017
0.493962 1251.176784
0.504316 1205.894817
0.514887 1161.657951
0.525679 1118.784913
0.536698 1077.571394
0.547947 1037.993699
0.559433 999.848211
0.571159 962.889574
0.583131 926.943382
0.595353 891.995662
0.607832 858.117731
0.620573 825.448893
0.633580 794.000253
0.646861 763.679426
0.660419 734.373477
0.674262 705.971750
0.688395 678.485726
0.702824 651.986873
0.717556 626.461475
0.732597 601.841247
0.747952 578.078743
0.763630 555.148509
0.779636 533.028925
0.795978 511.705069
0.812662 491.162088
0.829696 471.375403
0.847087 452.314411
0.864842 433.949962
0.882970 416.260809
0.901478 399.228231
0.920373 382.833384
0.939665 367.056422
0.959361 351.877020
0.979470 337.274853
1.000000 323.230090
1.020961 309.724520
1.042361 296.740258
1.064209 284.259422
1.086516 272.264162
1.109290 260.737679
1.132541 249.664414
1.156280 239.028879
1.180517 228.815589
1.205261 219.009054
1.230524 209.593797
1.256317 200.555303
1.282650 191.880950
1.309535 183.558334
1.336984 175.575050
1.365008 167.918693
1.393619 160.576861
1.422830 153.537147
1.452654 146.787149
1.483103 140.314631
1.514189 134.109347
1.545928 128.162347
1.578331 122.464703
1.611414 117.007489
1.645191 111.781775
1.679675 106.778635
1.714882 101.989141
1.750827 97.404365
1.787526 93.015379
1.824993 88.813256
1.863246 84.789608
1.902301 80.938010
1.942175 77.252482
1.982884 73.727047
2.024447 70.355726
2.066880 67.132539
2.110203 64.051507
2.154435 61.106652
2.199593 58.291995
2.245698 55.601557
2.292769 53.029359
2.340827 50.569723
2.389893 48.218368
2.439986 45.971421
2.491130 43.825007
2.543346 41.775252
2.596656 39.818283
2.651084 37.950224
2.706652 36.167202
2.763385 34.465343
2.821308 32.840773
2.880444 31.289617
2.940820 29.808147
3.002462 28.393553
3.065395 27.043382
3.129648 25.755182
3.195248 24.526500
3.262222 23.354886
3.330600 22.237886
3.400412 21.173049
3.471687 20.157922
3.544456 19.190054
3.618750 18.266992
3.694601 17.386351
3.772042 16.546315
3.851107 15.745366
3.931829 14.981985
4.014242 14.254657
4.098384 13.561863
4.184289 12.902087
4.271994 12.273811
4.361538 11.675519
4.452959 11.105692
4.546295 10.562814
4.641589 10.045395
4.738880 9.552281
4.838210 9.082544
4.939622 8.635263
5.043159 8.209515
5.148867 7.804376
5.256791 7.418924
5.366977 7.052236
5.479472 6.703389
5.594326 6.371461
5.711586 6.055529
5.831305 5.754679
5.953533 5.468190
6.078323 5.195503
6.205729 4.936066
6.335805 4.689326
6.468608 4.454733
6.604194 4.231733
6.742622 4.019775
6.883952 3.818306
7.028244 3.626775
7.175561 3.444630
7.325965 3.271321
7.479523 3.106402
7.636298 2.949540
7.796360 2.800410
7.959777 2.658686
8.126619 2.524042
8.296959 2.396152
8.470868 2.274691
8.648423 2.159334
8.829700 2.049753
9.014776 1.945624
9.203732 1.846621
9.396648 1.752472
9.593608 1.662981
9.794697 1.577957
10.000000 1.497210
10.209607 1.420550
10.423607 1.347788
10.642092 1.278733
10.865158 1.213195
11.092899 1.150983
11.325413 1.091909
11.562801 1.035783
11.805165 0.982438
12.052609 0.931762
12.305240 0.883643
12.563166 0.837972
12.826498 0.794639
13.095350 0.753536
13.369837 0.714552
13.650078 0.677577
13.936193 0.642503
14.228305 0.609219
14.526539 0.577616
14.831025 0.547596
15.141893 0.519091
15.459277 0.492040
15.783314 0.466378
16.114143 0.442044
16.451906 0.418975
16.796749 0.397108
17.148820 0.376381
17.508270 0.356731
17.875255 0.338094
18.249932 0.320409
18.632463 0.303618
19.023012 0.287682
19.421747 0.272565
19.828839 0.258231
20.244465 0.244646
20.668802 0.231773
21.102034 0.219578
21.544347 0.208025
21.995931 0.197077
22.456980 0.186701
22.927693 0.176860
23.408273 0.167521
23.898926 0.158661
24.399863 0.150260
24.911300 0.142298
25.433458 0.134755
25.966560 0.127612
26.510836 0.120848
27.066521 0.114442
27.633853 0.108376
28.213077 0.102630
28.804442 0.097182
29.408202 0.092015
30.024617 0.087114
30.653953 0.082469
31.296480 0.078069
31.952475 0.073902
32.622220 0.069957
33.306003 0.066223
34.004119 0.062688
34.716868 0.059343
35.444557 0.056175
36.187498 0.053174
36.946012 0.050328
37.720425 0.047630
38.511070 0.045074
39.318288 0.042653
40.142425 0.040361
40.983837 0.038193
41.842885 0.036141
42.719940 0.034200
43.615378 0.032364
44.529585 0.030625
45.462955 0.028979
46.415888 0.027419
47.388796 0.025940
48.382097 0.024539
49.396217 0.023213
50.431595 0.021958
51.488675 0.020771
52.567911 0.019648
53.669769 0.018587
54.794723 0.017582
55.943257 0.016632
57.115865 0.015733
58.313051 0.014881
59.535331 0.014074
60.783231 0.013309
62.057288 0.012586
63.358050 0.011901
64.686077 0.011254
66.041940 0.010642
67.426222 0.010063
68.839521 0.009516
70.282443 0.008999
71.755609 0.008510
73.259654 0.008046
74.795225 0.007607
76.362983 0.007191
77.963601 0.006798
79.597770 0.006426
81.266192 0.006074
82.969585 0.005742
84.708683 0.005428
86.484233 0.005131
88.297000 0.004851
90.147763 0.004585
92.037320 0.004334
93.966483 0.004096
95.936083 0.003871
97.946967 0.003658
100.000000 0.003456
102.096066 0.003266
104.236067 0.003086
106.420924 0.002916
108.651577 0.002756
110.928986 0.002604
113.254132 0.002461
115.628013 0.002325
118.051653 0.002197
120.526094 0.002075
123.052400 0.001960
125.631660 0.001851
128.264983 0.001749
130.953502 0.001652
133.698374 0.001560
136.500781 0.001474
139.361927 0.001392
142.283046 0.001315
145.265393 0.001242
148.310251 0.001173
151.418933 0.001107
154.592774 0.001045
157.833141 0.000987
161.141428 0.000932
164.519059 0.000880
167.967487 0.000830
171.488197 0.000784
175.082703 0.000740
178.752553 0.000699
182.499324 0.000660
186.324631 0.000623
190.230119 0.000587
194.217468 0.000554
198.288395 0.000523
202.444651 0.000494
206.688025 0.000466
211.020343 0.000439
215.443469 0.000415
219.959307 0.000391
224.569800 0.000369
229.276931 0.000348
234.082728 0.000328
238.989257 0.000310
243.998630 0.000292
249.113003 0.000275
254.334576 0.000259
259.665597 0.000245
265.108360 0.000231
270.665207 0.000217
276.338529 0.000205
282.130768 0.000193
288.044415 0.000182
294.082017 0.000172
300.246171 0.000162
306.539530 0.000152
312.964801 0.000143
319.524751 0.000135
326.222201 0.000127
333.060034 0.000120
340.041193 0.000113
347.168682 0.000106
354.445567 0.000100
361.874981 0.000094
369.460121 0.000089
377.204249 0.000083
385.110700 0.000079
393.182876 0.000074
401.424249 0.000070
409.838367 0.000065
418.428851 0.000062
427.199397 0.000058
436.153779 0.000054
445.295851 0.000051
454.629547 0.000048
464.158883 0.000045
473.887961 0.000043
483.820966 0.000040
493.962174 0.000038
504.315949 0.000035
514.886745 0.000033
525.679112 0.000031
536.697695 0.000029
547.947234 0.000028
559.432571 0.000026
571.158648 0.000024
583.130511 0.000023
595.353313 0.000021
607.832313 0.000020
620.572881 0.000019
633.580499 0.000018
646.860766 0.000017
660.419396 0.000016
674.262224 0.000015
688.395207 0.000014
702.824426 0.000013
717.556092 0.000012
732.596543 0.000011
747.952252 0.000011
763.629826 0.000010
779.636013 0.000009
795.977700 0.000009
812.661920 0.000008
829.695852 0.000008
847.086827 0.000007
864.842328 0.000007
882.969996 0.000006
901.477631 0.000006
920.373200 0.000006
939.664831 0.000005
959.360829 0.000005
979.469667 0.000005
1000.000000 0.000004
