# log(k/ h Mpc^-1)  log(P(k)/ h^-3 Mpc^3) - normalised version of EAGLE P(k) made by CMB 07/01/2019 using Leiden initial cond web page
  1.0000000E-06   5.505970    
  1.0232935E-06   5.629153    
  1.0471285E-06   5.755237    
  1.0715198E-06   5.883997    
  1.0964781E-06   6.015657    
  1.1220189E-06   6.150271    
  1.1481535E-06   6.287889    
  1.1748980E-06   6.428566    
  1.2022642E-06   6.572412    
  1.2302692E-06   6.719602    
  1.2589252E-06   6.869959    
  1.2882499E-06   7.023659    
  1.3182564E-06   7.180820    
  1.3489632E-06   7.341474    
  1.3803839E-06   7.505747    
  1.4125378E-06   7.673839    
  1.4454392E-06   7.845583    
  1.4791086E-06   8.021110    
  1.5135606E-06   8.200590    
  1.5488168E-06   8.384060    
  1.5848925E-06   8.571661    
  1.6218103E-06   8.763433    
  1.6595861E-06   8.959523    
  1.6982438E-06   9.160172    
  1.7377999E-06   9.365140    
  1.7782794E-06   9.574663    
  1.8197018E-06   9.788874    
  1.8620871E-06   10.00791    
  1.9054617E-06   10.23206    
  1.9498443E-06   10.46101    
  1.9952631E-06   10.69505    
  2.0417376E-06   10.93437    
  2.0892969E-06   11.17902    
  2.1379617E-06   11.42916    
  2.1877624E-06   11.68486    
  2.2387208E-06   11.94659    
  2.2908685E-06   12.21386    
  2.3442283E-06   12.48716    
  2.3988337E-06   12.76656    
  2.4547082E-06   13.05223    
  2.5118870E-06   13.34424    
  2.5703948E-06   13.64283    
  2.6302685E-06   13.94836    
  2.6915338E-06   14.26050    
  2.7542292E-06   14.57955    
  2.8183817E-06   14.90578    
  2.8840318E-06   15.23926    
  2.9512078E-06   15.58026    
  3.0199519E-06   15.92883    
  3.0902938E-06   16.28564    
  3.1622776E-06   16.65000    
  3.2359383E-06   17.02250    
  3.3113110E-06   17.40340    
  3.3884432E-06   17.79276    
  3.4673683E-06   18.19089    
  3.5481355E-06   18.59832    
  3.6307802E-06   19.01447    
  3.7153538E-06   19.43988    
  3.8018934E-06   19.87486    
  3.8904527E-06   20.31952    
  3.9810707E-06   20.77419    
  4.0738041E-06   21.23896    
  4.1686926E-06   21.71420    
  4.2657962E-06   22.20054    
  4.3651571E-06   22.69730    
  4.4668368E-06   23.20510    
  4.5708803E-06   23.72434    
  4.6773521E-06   24.25512    
  4.7862991E-06   24.79785    
  4.8977890E-06   25.35325    
  5.0118701E-06   25.92056    
  5.1286142E-06   26.50047    
  5.2480723E-06   27.09345    
  5.3703184E-06   27.69960    
  5.4954057E-06   28.31940    
  5.6234135E-06   28.95305    
  5.7544025E-06   29.60081    
  5.8884361E-06   30.26382    
  6.0255989E-06   30.94090    
  6.1659493E-06   31.63323    
  6.3095763E-06   32.34102    
  6.4565415E-06   33.06469    
  6.6069369E-06   33.80443    
  6.7608285E-06   34.56084    
  6.9183120E-06   35.33406    
  7.0794563E-06   36.12549    
  7.2443618E-06   36.93379    
  7.4131003E-06   37.76022    
  7.5857779E-06   38.60502    
  7.7624691E-06   39.46885    
  7.9432839E-06   40.35187    
  8.1283024E-06   41.25478    
  8.3176392E-06   42.17776    
  8.5113770E-06   43.12257    
  8.7096369E-06   44.08734    
  8.9125051E-06   45.07384    
  9.1201091E-06   46.08226    
  9.3325389E-06   47.11340    
  9.5499263E-06   48.16745    
  9.7723669E-06   49.24524    
  9.9999997E-06   50.34699    
  1.0232935E-05   51.47338    
  1.0471285E-05   52.62643    
  1.0715198E-05   53.80382    
  1.0964781E-05   55.00773    
  1.1220190E-05   56.23840    
  1.1481535E-05   57.49679    
  1.1748980E-05   58.78328    
  1.2022642E-05   60.09861    
  1.2302692E-05   61.44453    
  1.2589251E-05   62.81803    
  1.2882500E-05   64.22485    
  1.3182564E-05   65.66209    
  1.3489633E-05   67.13113    
  1.3803839E-05   68.63325    
  1.4125379E-05   70.16875    
  1.4454393E-05   71.73885    
  1.4791087E-05   73.34384    
  1.5135606E-05   74.98499    
  1.5488169E-05   76.66260    
  1.5848926E-05   78.37990    
  1.6218102E-05   80.13346    
  1.6595861E-05   81.92653    
  1.6982438E-05   83.75945    
  1.7377999E-05   85.63364    
  1.7782793E-05   87.54950    
  1.8197019E-05   89.50821    
  1.8620871E-05   91.51105    
  1.9054616E-05   93.55860    
  1.9498444E-05   95.65207    
  1.9952631E-05   97.79420    
  2.0417378E-05   99.98026    
  2.0892969E-05   102.2193    
  2.1379617E-05   104.5066    
  2.1877624E-05   106.8449    
  2.2387207E-05   109.2357    
  2.2908684E-05   111.6796    
  2.3442282E-05   114.1785    
  2.3988336E-05   116.7330    
  2.4547082E-05   119.3450    
  2.5118870E-05   122.0151    
  2.5703948E-05   124.7453    
  2.6302685E-05   127.5362    
  2.6915337E-05   130.3899    
  2.7542290E-05   133.3103    
  2.8183817E-05   136.2932    
  2.8840317E-05   139.3425    
  2.9512077E-05   142.4604    
  3.0199519E-05   145.6476    
  3.0902938E-05   148.9066    
  3.1622778E-05   152.2384    
  3.2359381E-05   155.6444    
  3.3113112E-05   159.1271    
  3.3884433E-05   162.6872    
  3.4673682E-05   166.3275    
  3.5481353E-05   170.0487    
  3.6307800E-05   173.8537    
  3.7153539E-05   177.7433    
  3.8018934E-05   181.7204    
  3.8904527E-05   185.7905    
  3.9810708E-05   189.9477    
  4.0738039E-05   194.1974    
  4.1686926E-05   198.5427    
  4.2657965E-05   202.9847    
  4.3651569E-05   207.5267    
  4.4668370E-05   212.1700    
  4.5708803E-05   216.9176    
  4.6773523E-05   221.7706    
  4.7862992E-05   226.7329    
  4.8977887E-05   231.8055    
  5.0118702E-05   236.9924    
  5.1286144E-05   242.2946    
  5.2480722E-05   247.7162    
  5.3703181E-05   253.2582    
  5.4954060E-05   258.9251    
  5.6234134E-05   264.7180    
  5.7544024E-05   270.6410    
  5.8884361E-05   276.6969    
  6.0255989E-05   282.8873    
  6.1659492E-05   289.2172    
  6.3095766E-05   295.6897    
  6.4565415E-05   302.3054    
  6.6069369E-05   309.0695    
  6.7608285E-05   315.9845    
  6.9183123E-05   323.0561    
  7.0794566E-05   330.2833    
  7.2443618E-05   337.6734    
  7.4131007E-05   345.2284    
  7.5857781E-05   352.9529    
  7.7624689E-05   360.8505    
  7.9432844E-05   368.9245    
  8.1283026E-05   377.1787    
  8.3176390E-05   385.6189    
  8.5113767E-05   394.2458    
  8.7096370E-05   403.0688    
  8.9125053E-05   412.0861    
  9.1201095E-05   421.3064    
  9.3325383E-05   430.7317    
  9.5499265E-05   440.3693    
  9.7723670E-05   450.2220    
  9.9999997E-05   460.2957    
  1.0232929E-04   470.5934    
  1.0471285E-04   481.1237    
  1.0715192E-04   491.8766    
  1.0964781E-04   502.8600    
  1.1220184E-04   514.1157    
  1.1481535E-04   525.6083    
  1.1748974E-04   537.3707    
  1.2022642E-04   549.3929    
  1.2302685E-04   561.6605    
  1.2589252E-04   574.2323    
  1.2882492E-04   587.0817    
  1.3182564E-04   600.1974    
  1.3489633E-04   613.5837    
  1.3803846E-04   627.3384    
  1.4125378E-04   641.3648    
  1.4454400E-04   655.6790    
  1.4791086E-04   670.3375    
  1.5135614E-04   685.3088    
  1.5488168E-04   700.6052    
  1.5848933E-04   716.3044    
  1.6218102E-04   732.3071    
  1.6595870E-04   748.6344    
  1.6982437E-04   765.3964    
  1.7378009E-04   782.4855    
  1.7782794E-04   799.9896    
  1.8197008E-04   817.8332    
  1.8620871E-04   836.1280    
  1.9054605E-04   854.7663    
  1.9498444E-04   873.8643    
  1.9952621E-04   893.3732    
  2.0417376E-04   913.3328    
  2.0892957E-04   933.7188    
  2.1379617E-04   954.5818    
  2.1877611E-04   975.8724    
  2.2387206E-04   997.6982    
  2.2908671E-04   1019.882    
  2.3442283E-04   1042.661    
  2.3988336E-04   1065.952    
  2.4547096E-04   1089.761    
  2.5118870E-04   1114.029    
  2.5703962E-04   1138.856    
  2.6302686E-04   1164.259    
  2.6915353E-04   1190.229    
  2.7542291E-04   1216.765    
  2.8183832E-04   1243.881    
  2.8840319E-04   1271.610    
  2.9512093E-04   1299.912    
  3.0199520E-04   1328.843    
  3.0902954E-04   1358.463    
  3.1622776E-04   1388.759    
  3.2359365E-04   1419.665    
  3.3113110E-04   1451.282    
  3.3884414E-04   1483.512    
  3.4673681E-04   1516.578    
  3.5481335E-04   1550.273    
  3.6307800E-04   1584.726    
  3.7153516E-04   1619.948    
  3.8018933E-04   1655.946    
  3.8904508E-04   1692.740    
  3.9810708E-04   1730.295    
  4.0738017E-04   1768.737    
  4.1686927E-04   1807.958    
  4.2657965E-04   1848.050    
  4.3651593E-04   1889.059    
  4.4668370E-04   1930.952    
  4.5708829E-04   1973.724    
  4.6773523E-04   2017.464    
  4.7863016E-04   2062.133    
  4.8977887E-04   2107.734    
  5.0118729E-04   2154.383    
  5.1286141E-04   2201.998    
  5.2480749E-04   2250.666    
  5.3703180E-04   2300.313    
  5.4954091E-04   2351.115    
  5.6234130E-04   2402.967    
  5.7543995E-04   2455.985    
  5.8884366E-04   2510.123    
  6.0255954E-04   2565.375    
  6.1659497E-04   2621.783    
  6.3095725E-04   2679.520    
  6.4565416E-04   2738.357    
  6.6069333E-04   2798.532    
  6.7608285E-04   2859.916    
  6.9183082E-04   2922.611    
  7.0794561E-04   2986.684    
  7.2443578E-04   3052.068    
  7.4131007E-04   3118.828    
  7.5857778E-04   3186.980    
  7.7624730E-04   3256.563    
  7.9432840E-04   3327.636    
  8.1283069E-04   3400.170    
  8.3176390E-04   3474.224    
  8.5113815E-04   3549.856    
  8.7096373E-04   3626.960    
  8.9125102E-04   3705.652    
  9.1201090E-04   3786.073    
  9.3325437E-04   3868.082    
  9.5499260E-04   3951.754    
  9.7723724E-04   4037.094    
  1.0000000E-03   4124.210    
  1.0232930E-03   4213.090    
  1.0471285E-03   4303.918    
  1.0715192E-03   4396.309    
  1.0964781E-03   4490.771    
  1.1220183E-03   4586.931    
  1.1481534E-03   4685.202    
  1.1748974E-03   4785.199    
  1.2022642E-03   4887.551    
  1.2302685E-03   4991.500    
  1.2589252E-03   5097.453    
  1.2882493E-03   5205.711    
  1.3182564E-03   5316.135    
  1.3489632E-03   5428.374    
  1.3803846E-03   5543.101    
  1.4125379E-03   5660.017    
  1.4454401E-03   5778.973    
  1.4791087E-03   5900.021    
  1.5135615E-03   6023.744    
  1.5488168E-03   6149.515    
  1.5848933E-03   6277.587    
  1.6218103E-03   6408.165    
  1.6595870E-03   6541.028    
  1.6982438E-03   6676.404    
  1.7378009E-03   6814.042    
  1.7782794E-03   6954.496    
  1.8197008E-03   7097.439    
  1.8620871E-03   7242.359    
  1.9054606E-03   7389.961    
  1.9498444E-03   7540.390    
  1.9952620E-03   7693.551    
  2.0417378E-03   7849.013    
  2.0892958E-03   8007.722    
  2.1379618E-03   8168.196    
  2.1877612E-03   8331.881    
  2.2387207E-03   8498.030    
  2.2908670E-03   8666.987    
  2.3442281E-03   8838.572    
  2.3988336E-03   9012.400    
  2.4547095E-03   9189.517    
  2.5118869E-03   9369.743    
  2.5703963E-03   9552.051    
  2.6302685E-03   9737.057    
  2.6915353E-03   9925.553    
  2.7542291E-03   10116.09    
  2.8183833E-03   10309.76    
  2.8840317E-03   10506.23    
  2.9512094E-03   10704.73    
  3.0199517E-03   10906.79    
  3.0902955E-03   11111.10    
  3.1622776E-03   11318.24    
  3.2359364E-03   11527.65    
  3.3113111E-03   11740.86    
  3.3884414E-03   11955.94    
  3.4673682E-03   12173.43    
  3.5481334E-03   12393.50    
  3.6307801E-03   12616.53    
  3.7153517E-03   12841.75    
  3.8018932E-03   13069.14    
  3.8904506E-03   13299.37    
  3.9810711E-03   13532.04    
  4.0738019E-03   13766.77    
  4.1686925E-03   14004.00    
  4.2657964E-03   14242.84    
  4.3651592E-03   14484.24    
  4.4668368E-03   14727.18    
  4.5708828E-03   14972.37    
  4.6773520E-03   15219.76    
  4.7863019E-03   15468.30    
  4.8977886E-03   15718.67    
  5.0118729E-03   15971.09    
  5.1286141E-03   16223.80    
  5.2480749E-03   16478.80    
  5.3703184E-03   16735.12    
  5.4954090E-03   16991.70    
  5.6234132E-03   17249.71    
  5.7543991E-03   17508.66    
  5.8884365E-03   17768.01    
  6.0255956E-03   18027.65    
  6.1659496E-03   18288.04    
  6.3095726E-03   18548.46    
  6.4565414E-03   18808.58    
  6.6069337E-03   19068.21    
  6.7608287E-03   19327.88    
  6.9183083E-03   19586.97    
  7.0794565E-03   19844.96    
  7.2443578E-03   20102.13    
  7.4131005E-03   20357.67    
  7.5857779E-03   20611.83    
  7.7624731E-03   20864.29    
  7.9432838E-03   21114.88    
  8.1283068E-03   21363.07    
  8.3176391E-03   21608.35    
  8.5113822E-03   21850.76    
  8.7096374E-03   22089.74    
  8.9125102E-03   22325.84    
  9.1201095E-03   22558.11    
  9.3325432E-03   22785.98    
  9.5499260E-03   23009.48    
  9.7723724E-03   23228.32    
  9.9999998E-03   23442.23    
  1.0232930E-02   23650.53    
  1.0471285E-02   23852.72    
  1.0715192E-02   24048.17    
  1.0964781E-02   24237.90    
  1.1220183E-02   24419.63    
  1.1481535E-02   24595.07    
  1.1748977E-02   24761.72    
  1.2022645E-02   24921.36    
  1.2302688E-02   25070.60    
  1.2589254E-02   25211.91    
  1.2882496E-02   25343.86    
  1.3182567E-02   25465.13    
  1.3489629E-02   25576.31    
  1.3803842E-02   25676.44    
  1.4125375E-02   25765.71    
  1.4454396E-02   25843.56    
  1.4791083E-02   25908.55    
  1.5135610E-02   25961.26    
  1.5488168E-02   26001.41    
  1.5848933E-02   26027.48    
  1.6218102E-02   26040.47    
  1.6595870E-02   26039.10    
  1.6982438E-02   26023.18    
  1.7378008E-02   25992.87    
  1.7782794E-02   25946.86    
  1.8197007E-02   25885.47    
  1.8620871E-02   25808.60    
  1.9054607E-02   25716.01    
  1.9498445E-02   25606.71    
  1.9952621E-02   25482.11    
  2.0417377E-02   25340.08    
  2.0892965E-02   25182.24    
  2.1379624E-02   25007.97    
  2.1877619E-02   24817.20    
  2.2387212E-02   24610.33    
  2.2908676E-02   24386.87    
  2.3442289E-02   24148.62    
  2.3988329E-02   23894.04    
  2.4547089E-02   23624.44    
  2.5118863E-02   23340.49    
  2.5703955E-02   23041.43    
  2.6302677E-02   22729.28    
  2.6915345E-02   22404.75    
  2.7542291E-02   22067.54    
  2.8183833E-02   21719.78    
  2.8840318E-02   21361.76    
  2.9512094E-02   20994.25    
  3.0199518E-02   20618.45    
  3.0902956E-02   20236.17    
  3.1622775E-02   19848.50    
  3.2359365E-02   19456.57    
  3.3113111E-02   19061.77    
  3.3884414E-02   18665.25    
  3.4673683E-02   18268.40    
  3.5481334E-02   17872.44    
  3.6307801E-02   17478.76    
  3.7153527E-02   17087.38    
  3.8018942E-02   16701.07    
  3.8904518E-02   16320.90    
  3.9810721E-02   15947.94    
  4.0738028E-02   15584.27    
  4.1686937E-02   15232.48    
  4.2657953E-02   14893.36    
  4.3651581E-02   14567.25    
  4.4668358E-02   14255.88    
  4.5708816E-02   13958.03    
  4.6773508E-02   13674.96    
  4.7863003E-02   13406.38    
  4.8977889E-02   13150.96    
  5.0118729E-02   12908.76    
  5.1286142E-02   12678.81    
  5.2480750E-02   12459.05    
  5.3703181E-02   12248.99    
  5.4954089E-02   12047.46    
  5.6234132E-02   11854.32    
  5.7543993E-02   11670.19    
  5.8884364E-02   11494.31    
  6.0255956E-02   11323.90    
  6.1659496E-02   11153.50    
  6.3095726E-02   10978.75    
  6.4565413E-02   10796.44    
  6.6069350E-02   10604.43    
  6.7608304E-02   10401.64    
  6.9183104E-02   10187.86    
  7.0794582E-02   9960.408    
  7.2443597E-02   9719.057    
  7.4131027E-02   9462.111    
  7.5857759E-02   9190.334    
  7.7624708E-02   8904.954    
  7.9432823E-02   8608.050    
  8.1283048E-02   8301.742    
  8.3176367E-02   7988.917    
  8.5113794E-02   7673.068    
  8.7096371E-02   7358.195    
  8.9125104E-02   7047.854    
  9.1201089E-02   6746.036    
  9.3325436E-02   6456.628    
  9.5499262E-02   6182.998    
  9.7723722E-02   5928.729    
  0.1000000       5695.937    
  0.1023293       5486.882    
  0.1047128       5301.239    
  0.1071519       5138.563    
  0.1096478       4997.098    
  0.1122018       4874.171    
  0.1148153       4765.520    
  0.1174897       4667.349    
  0.1202264       4575.021    
  0.1230269       4482.705    
  0.1258925       4384.572    
  0.1288249       4275.966    
  0.1318256       4152.640    
  0.1348962       4013.029    
  0.1380384       3858.248    
  0.1412537       3691.706    
  0.1445439       3517.881    
  0.1479108       3342.352    
  0.1513561       3170.394    
  0.1548816       3006.798    
  0.1584893       2856.558    
  0.1621810       2723.931    
  0.1659587       2610.833    
  0.1698243       2517.585    
  0.1737800       2440.519    
  0.1778279       2375.135    
  0.1819700       2315.354    
  0.1862087       2255.834    
  0.1905460       2191.554    
  0.1949844       2119.031    
  0.1995262       2036.312    
  0.2041737       1944.367    
  0.2089296       1846.784    
  0.2137962       1749.150    
  0.2187761       1656.068    
  0.2238721       1572.502    
  0.2290867       1500.805    
  0.2344228       1441.127    
  0.2398832       1391.430    
  0.2454709       1347.048    
  0.2511886       1303.665    
  0.2570395       1257.286    
  0.2630267       1206.202    
  0.2691534       1150.478    
  0.2754228       1092.540    
  0.2818382       1035.951    
  0.2884031       984.2107    
  0.2951208       939.0323    
  0.3019951       900.0554    
  0.3090295       865.4424    
  0.3162277       832.6572    
  0.3235936       798.7947    
  0.3311310       763.0608    
  0.3388441       726.0409    
  0.3467368       689.8634    
  0.3548133       656.2120    
  0.3630780       626.0011    
  0.3715352       598.9054    
  0.3801893       573.5023    
  0.3890451       548.4803    
  0.3981071       523.0656    
  0.4073802       497.7361    
  0.4168693       473.3890    
  0.4265794       450.9872    
  0.4365157       430.1919    
  0.4466835       410.3006    
  0.4570881       391.1580    
  0.4677350       372.7848    
  0.4786300       355.1307    
  0.4897787       338.2355    
  0.5011871       322.0507    
  0.5128613       306.5563    
  0.5248073       291.7650    
  0.5370317       277.6420    
  0.5495408       264.1649    
  0.5623412       251.3085    
  0.5754398       239.0596    
  0.5888435       227.3768    
  0.6025594       216.2486    
  0.6165949       205.6365    
  0.6309572       195.5142    
  0.6456541       185.8712    
  0.6606933       176.6693    
  0.6760828       167.9087    
  0.6918308       159.5575    
  0.7079456       151.5962    
  0.7244358       144.0125    
  0.7413101       136.7884    
  0.7585774       129.9063    
  0.7762469       123.3577    
  0.7943280       117.1208    
  0.8128303       111.1909    
  0.8317635       105.5432    
  0.8511378       100.1657    
  0.8709633       95.06010    
  0.8912507       90.19640    
  0.9120106       85.57526    
  0.9332540       81.18022    
  0.9549923       77.00239    
  0.9772369       73.02882    
  0.9999997       69.25661    
   1.023293       65.66658    
   1.047128       62.25803    
   1.071519       59.01593    
   1.096478       55.94514    
   1.122018       53.02189    
   1.148153       50.24356    
   1.174897       47.61308    
   1.202264       45.10943    
   1.230268       42.74076    
   1.258925       40.48717    
   1.288249       38.34602    
   1.318256       36.31594    
   1.348963       34.39380    
   1.380384       32.56516    
   1.412537       30.83274    
   1.445439       29.18645    
   1.479108       27.63111    
   1.513561       26.15195    
   1.548816       24.75114    
   1.584893       23.42238    
   1.621810       22.16476    
   1.659587       20.97090    
   1.698243       19.84217    
   1.737800       18.77013    
   1.778279       17.75506    
   1.819700       16.79269    
   1.862087       15.88193    
   1.905460       15.01890    
   1.949844       14.20173    
   1.995262       13.42648    
   2.041738       12.69446    
   2.089296       12.00110    
   2.137962       11.34410    
   2.187761       10.72201    
   2.238720       10.13315    
   2.290867       9.576550    
   2.344228       9.049430    
   2.398832       8.551071    
   2.454708       8.078975    
   2.511886       7.632663    
   2.570395       7.210022    
   2.630267       6.810864    
   2.691534       6.433277    
   2.754227       6.076332    
   2.818382       5.738273    
   2.884031       5.418938    
   2.951208       5.117012    
   3.019950       4.831227    
   3.090295       4.561399    
   3.162277       4.306190    
   3.235936       4.065146    
   3.311311       3.837231    
   3.388441       3.621798    
   3.467367       3.418453    
   3.548132       3.225919    
   3.630779       3.044468    
   3.715351       2.872719    
   3.801893       2.710623    
   3.890451       2.557421    
   3.981070       2.412840    
   4.073801       2.276285    
   4.168692       2.147219    
   4.265794       2.025468    
   4.365158       1.910421    
   4.466835       1.801802    
   4.570879       1.699267    
   4.677349       1.602509    
   4.786299       1.511136    
   4.897787       1.424920    
   5.011871       1.343468    
   5.128613       1.266660    
   5.248072       1.194212    
   5.370315       1.125777    
   5.495406       1.061228    
   5.623411       1.000335    
   5.754398      0.9428709    
   5.888435      0.8886734    
   6.025595      0.8375120    
   6.165947      0.7893153    
   6.309570      0.7438059    
   6.456540      0.7009004    
   6.606933      0.6604323    
   6.760828      0.6222733    
   6.918308      0.5862923    
   7.079454      0.5523489    
   7.244356      0.5203464    
   7.413099      0.4901878    
   7.585773      0.4617482    
   7.762470      0.4349438    
   7.943281      0.4096586    
   8.128302      0.3858376    
   8.317634      0.3633771    
   8.511377      0.3422106    
   8.709632      0.3222600    
   8.912508      0.3034703    
   9.120107      0.2857479    
   9.332539      0.2690584    
   9.549921      0.2533300    
   9.772367      0.2385045    
   9.999996      0.2245445    
   10.23293      0.2113849    
   10.47128      0.1990292    
   10.71519      0.1873807    
   10.96478      0.1763811    
   11.22018      0.1660195    
   11.48153      0.1562691    
   11.74898      0.1470736    
   12.02265      0.1384267    
   12.30269      0.1302941    
   12.58925      0.1226063    
   12.88250      0.1153848    
   13.18257      0.1085640    
   13.48963      0.1021537    
   13.80384      9.6124701E-02
   14.12537      9.0433642E-02
   14.45440      8.5084610E-02
   14.79108      8.0048665E-02
   15.13561      7.5303309E-02
   15.48817      7.0836753E-02
   15.84893      6.6630900E-02
   16.21810      6.2672019E-02
   16.59587      5.8948770E-02
   16.98244      5.5447351E-02
   17.37801      5.2145869E-02
   17.78279      4.9039021E-02
   18.19701      4.6118904E-02
   18.62087      4.3367550E-02
   19.05461      4.0777806E-02
   19.49844      3.8344312E-02
   19.95262      3.6053963E-02
   20.41738      3.3896975E-02
   20.89296      3.1869970E-02
   21.37962      2.9963315E-02
   21.87762      2.8169211E-02
   22.38721      2.6479203E-02
   22.90868      2.4891831E-02
   23.44229      2.3398167E-02
   23.98833      2.1992875E-02
   24.54709      2.0672541E-02
   25.11886      1.9429650E-02
   25.70396      1.8261354E-02
   26.30268      1.7161489E-02
   26.91534      1.6128691E-02
   27.54229      1.5156846E-02
   28.18383      1.4242711E-02
   28.84032      1.3383687E-02
   29.51209      1.2576122E-02
   30.19952      1.1816610E-02
   30.90295      1.1102449E-02
   31.62278      1.0431548E-02
   32.35936      9.8005366E-03
   33.11311      9.2073977E-03
   33.88441      8.6496193E-03
   34.67368      8.1255734E-03
   35.48133      7.6331384E-03
   36.30780      7.1704756E-03
   37.15353      6.7351409E-03
   38.01894      6.3264598E-03
   38.90452      5.9422478E-03
   39.81072      5.5810628E-03
   40.73803      5.2417801E-03
   41.68694      4.9229553E-03
   42.65795      4.6233828E-03
   43.65158      4.3418114E-03
   44.66836      4.0773675E-03
   45.70882      3.8289169E-03
   46.77351      3.5954553E-03
   47.86300      3.3761451E-03
   48.97789      3.1701052E-03
   50.11873      2.9765812E-03
   51.28614      2.7947810E-03
   52.48075      2.6239820E-03
   53.70318      2.4635633E-03
   54.95409      2.3129110E-03
   56.23413      2.1714107E-03
   57.54399      2.0385056E-03
   58.88436      1.9136786E-03
   60.25595      1.7964538E-03
   61.65950      1.6863625E-03
   63.09573      1.5829711E-03
   64.56541      1.4858982E-03
   66.06935      1.3947287E-03
   67.60831      1.3091447E-03
   69.18311      1.2287679E-03
   70.79458      1.1532936E-03
   72.44360      1.0824375E-03
   74.13103      1.0159160E-03
   75.85776      9.5345447E-04
   77.62471      8.9482247E-04
   79.43282      8.3978073E-04
   81.28304      7.8810652E-04
   83.17637      7.3959335E-04
   85.11379      6.9405994E-04
   87.09637      6.5131608E-04
   89.12511      6.1119639E-04
   91.20110      5.7353731E-04
   93.32544      5.3819269E-04
   95.49926      5.0501677E-04
   97.72372      4.7388149E-04
   100.0000      4.4466087E-04
   102.3293      4.1724872E-04
   104.7129      3.9151913E-04
   107.1519      3.6736770E-04
   109.6478      3.4470059E-04
   112.2018      3.2342534E-04
   114.8153      3.0345688E-04
   117.4897      2.8471611E-04
   120.2264      2.6712776E-04
   123.0269      2.5062083E-04
   125.8925      2.3512954E-04
   128.8249      2.2059168E-04
   131.8256      2.0694894E-04
   134.8963      1.9414557E-04
   138.0385      1.8213171E-04
   141.2538      1.7085772E-04
   144.5440      1.6027859E-04
   147.9109      1.5035212E-04
   151.3562      1.4103785E-04
   154.8817      1.3229814E-04
   158.4893      1.2409767E-04
   162.1810      1.1640341E-04
   165.9587      1.0918447E-04
   169.8244      1.0241131E-04
   173.7801      9.6056516E-05
   177.8279      9.0094625E-05
   181.9701      8.4501415E-05
   186.2087      7.9253958E-05
   190.5461      7.4330979E-05
   194.9844      6.9712733E-05
   199.5262      6.5380300E-05
   204.1738      6.1316045E-05
   208.9296      5.7503486E-05
   213.7962      5.3927099E-05
   218.7761      5.0572340E-05
   223.8721      4.7425521E-05
   229.0867      4.4473705E-05
   234.4228      4.1705018E-05
   239.8834      3.9107897E-05
   245.4709      3.6672089E-05
   251.1887      3.4387427E-05
   257.0396      3.2244494E-05
   263.0269      3.0234691E-05
   269.1535      2.8349707E-05
   275.4229      2.6581876E-05
   281.8383      2.4923820E-05
   288.4032      2.3368879E-05
   295.1209      2.1910573E-05
   301.9952      2.0542999E-05
   309.0295      1.9260468E-05
   316.2278      1.8057719E-05
   323.5937      1.6929847E-05
   331.1311      1.5872158E-05
   338.8441      1.4880344E-05
   346.7368      1.3950284E-05
   354.8134      1.3078205E-05
   363.0780      1.2260440E-05
   371.5352      1.1493626E-05
   380.1893      1.0774624E-05
   389.0451      1.0100461E-05
   398.1071      9.4683246E-06
   407.3802      8.8756524E-06
   416.8693      8.3199420E-06
   426.5796      7.7989225E-06
   436.5159      7.3104220E-06
   446.6837      6.8524296E-06
   457.0883      6.4230385E-06
   467.7352      6.0204748E-06
   478.6302      5.6430608E-06
   489.7789      5.2892342E-06
   501.1873      4.9575356E-06
   512.8615      4.6465620E-06
   524.8075      4.3550472E-06
   537.0318      4.0817540E-06
   549.5409      3.8255666E-06
   562.3413      3.5854196E-06
   575.4399      3.3602903E-06
   588.8436      3.1492623E-06
   602.5596      2.9514465E-06
   616.5950      2.7660242E-06
   630.9573      2.5922154E-06
   645.6541      2.4292935E-06
   660.6934      2.2765864E-06
   676.0829      2.1334481E-06
   691.8308      1.9992874E-06
   707.9456      1.8735409E-06
   724.4358      1.7556753E-06
   741.3101      1.6452093E-06
   758.5778      1.5416700E-06
   776.2473      1.4446335E-06
   794.3284      1.3536883E-06
   812.8307      1.2684510E-06
   831.7639      1.1885645E-06
   851.1382      1.1136989E-06
   870.9637      1.0435368E-06
   891.2510      9.7778150E-07
   912.0109      9.1615902E-07
   933.2543      8.5841026E-07
   954.9926      8.0429015E-07
   977.2372      7.5357548E-07
   1000.000      7.0605051E-07
   1023.293      6.6151370E-07
   1047.129      6.1978039E-07
   1071.519      5.8067195E-07
   1096.478      5.4402653E-07
   1122.018      5.0968646E-07
   1148.153      4.7750956E-07
   1174.897      4.4735788E-07
   1202.264      4.1910616E-07
   1230.269      3.9263432E-07
   1258.925      3.6783084E-07
   1288.249      3.4458952E-07
   1318.256      3.2281318E-07
   1348.963      3.0240949E-07
   1380.385      2.8329279E-07
   1412.538      2.6538208E-07
   1445.440      2.4860032E-07
   1479.109      2.3287760E-07
   1513.562      2.1814675E-07
   1548.817      2.0434581E-07
   1584.893      1.9141577E-07
   1621.810      1.7930182E-07
   1659.587      1.6795303E-07
   1698.244      1.5732066E-07
   1737.801      1.4736008E-07
   1778.279      1.3802855E-07
   1819.701      1.2928645E-07
   1862.087      1.2109717E-07
   1905.461      1.1342531E-07
   1949.844      1.0623826E-07
   1995.262      9.9505733E-08
   2041.738      9.3198736E-08
   2089.296      8.7290914E-08
   2137.962      8.1756475E-08
   2187.761      7.6572377E-08
   2238.721      7.1716173E-08
   2290.867      6.7167363E-08
   2344.228      6.2906309E-08
   2398.833      5.8915091E-08
   2454.709      5.5176557E-08
   2511.887      5.1674775E-08
   2570.396      4.8394675E-08
   2630.269      4.5322487E-08
   2691.535      4.2444810E-08
   2754.229      3.9749501E-08
   2818.383      3.7225000E-08
   2884.032      3.4860506E-08
   2951.209      3.2645914E-08
   3019.952      3.0571723E-08
   3090.295      2.8628973E-08
   3162.278      2.6809502E-08
   3235.937      2.5105447E-08
   3311.311      2.3509418E-08
   3388.441      2.2014708E-08
   3467.368      2.0614795E-08
   3548.134      1.9303762E-08
   3630.780      1.8075950E-08
   3715.352      1.6926064E-08
   3801.893      1.5849189E-08
   3890.451      1.4840688E-08
   3981.071      1.3896236E-08
   4073.802      1.3011761E-08
   4168.693      1.2183501E-08
   4265.796      1.1407820E-08
   4365.159      1.0681458E-08
   4466.837      1.0001258E-08
   4570.883      9.3643076E-09
   4677.352      8.7678211E-09
   4786.302      8.2092706E-09
   4897.789      7.6862348E-09
   5011.873      7.1964559E-09
   5128.614      6.7378423E-09
   5248.075      6.3083925E-09
   5370.318      5.9062630E-09
   5495.409      5.5297278E-09
   5623.413      5.1771516E-09
   5754.399      4.8470108E-09
   5888.437      4.5378901E-09
   6025.596      4.2484443E-09
   6165.950      3.9774344E-09
   6309.573      3.7236771E-09
   6456.542      3.4860772E-09
   6606.934      3.2636165E-09
   6760.829      3.0553233E-09
   6918.308      2.8603035E-09
   7079.456      2.6777143E-09
   7244.358      2.5067572E-09
   7413.101      2.3466931E-09
   7585.778      2.1968301E-09
   7762.473      2.0565230E-09
   7943.284      1.9251674E-09
   8128.307      1.8021820E-09
   8317.640      1.6870449E-09
   8511.382      1.5792456E-09
   8709.637      1.4783279E-09
   8912.511      1.3838463E-09
   9120.109      1.2953937E-09
   9332.544      1.2125869E-09
   9549.927      1.1350629E-09
   9772.372      1.0624875E-09
   10000.00      9.9454400E-10
   10232.94      9.3093905E-10
   10471.29      8.7139668E-10
   10715.20      8.1565449E-10
   10964.78      7.6347351E-10
   11220.19      7.1462525E-10
   11481.54      6.6889833E-10
   11748.98      6.2609085E-10
   12022.64      5.8602101E-10
   12302.69      5.4850868E-10
   12589.25      5.1339560E-10
   12882.50      4.8052662E-10
   13182.56      4.4975931E-10
   13489.63      4.2095780E-10
   13803.84      3.9399828E-10
   14125.38      3.6876233E-10
   14454.39      3.4514161E-10
   14791.09      3.2302980E-10
   15135.61      3.0233430E-10
   15488.17      2.8296110E-10
   15848.92      2.6482830E-10
   16218.10      2.4785560E-10
   16595.86      2.3196925E-10
   16982.44      2.1709901E-10
   17378.00      2.0318167E-10
   17782.79      1.9015423E-10
   18197.02      1.7796069E-10
   18620.87      1.6654861E-10
   19054.62      1.5586706E-10
   19498.44      1.4586969E-10
   19952.63      1.3651213E-10
   20417.38      1.2775472E-10
   20892.97      1.1955792E-10
   21379.62      1.1188661E-10
   21877.62      1.0470620E-10
   22387.21      9.7986487E-11
   22908.68      9.1697067E-11
   23442.28      8.5811247E-11
   23988.34      8.0302216E-11
   24547.08      7.5146611E-11
   25118.87      7.0321429E-11
   25703.95      6.5805819E-11
   26302.68      6.1579568E-11
   26915.34      5.7624520E-11
   27542.29      5.3922953E-11
   28183.82      5.0459081E-11
   28840.32      4.7217251E-11
   29512.08      4.4183528E-11
   30199.52      4.1344317E-11
   30902.94      3.8687484E-11
   31622.78      3.6201028E-11
   32359.38      3.3874133E-11
   33113.11      3.1696683E-11
   33884.43      2.9658991E-11
   34673.68      2.7752172E-11
   35481.36      2.5967690E-11
   36307.80      2.4297923E-11
   37153.54      2.2735277E-11
   38018.93      2.1273068E-11
   38904.53      1.9904738E-11
   39810.71      1.8624349E-11
   40738.04      1.7426151E-11
   41686.93      1.6305011E-11
   42657.96      1.5255852E-11
   43651.57      1.4274185E-11
   44668.37      1.3355547E-11
   45708.80      1.2495981E-11
   46773.52      1.1691647E-11
   47862.99      1.0939044E-11
   48977.89      1.0234808E-11
   50118.70      9.5758722E-12
   51286.14      8.9592717E-12
   52480.72      8.3823842E-12
   53703.18      7.8425435E-12
   54954.06      7.3374570E-12
   56234.13      6.8648472E-12
   57544.02      6.4226328E-12
   58884.36      6.0088848E-12
   60255.99      5.6217474E-12
   61659.50      5.2595432E-12
   63095.76      4.9206247E-12
   64565.41      4.6035302E-12
   66069.37      4.3068465E-12
   67608.29      4.0292674E-12
   69183.12      3.7695415E-12
   70794.56      3.5265514E-12
   72443.62      3.2991906E-12
   74131.01      3.0864846E-12
   75857.78      2.8874700E-12
   77624.69      2.7012774E-12
   79432.84      2.5270714E-12
   81283.02      2.3640924E-12
   83176.39      2.2116111E-12
   85113.77      2.0689566E-12
   87096.37      1.9354845E-12
   89125.05      1.8106201E-12
   91201.09      1.6937990E-12
   93325.38      1.5845082E-12
   95499.27      1.4822579E-12
   97723.67      1.3866044E-12
   100000.0      1.2971101E-12
   102329.4      1.2133893E-12
   104712.9      1.1350653E-12
   107152.0      1.0617914E-12
   109647.8      9.9324433E-13
   112201.9      9.2911681E-13
   114815.3      8.6912443E-13
   117489.8      8.1300174E-13
   120226.4      7.6049968E-13
   123026.9      7.1138310E-13
   125892.5      6.6543721E-13
   128825.0      6.2245435E-13
   131825.6      5.8224568E-13
   134896.3      5.4462988E-13
   138038.4      5.0944367E-13
   141253.8      4.7652702E-13
   144543.9      4.4573552E-13
   147910.9      4.1693043E-13
   151356.1      3.8998728E-13
   154881.7      3.6478147E-13
   158489.2      3.4120420E-13
   162181.0      3.1914768E-13
   165958.6      2.9851726E-13
   169824.4      2.7921754E-13
   173780.0      2.6116603E-13
   177827.9      2.4427885E-13
   181970.2      2.2848211E-13
   186208.7      2.1370761E-13
   190546.2      1.9988595E-13
   194984.4      1.8695843E-13
   199526.3      1.7486515E-13
   204173.8      1.6355430E-13
   208929.7      1.5297391E-13
   213796.2      1.4307740E-13
   218776.2      1.3382012E-13
   223872.1      1.2516159E-13
   229086.8      1.1706270E-13
   234422.8      1.0948740E-13
   239883.4      1.0240153E-13
   245470.8      9.5773920E-14
   251188.7      8.9574967E-14
   257039.5      8.3776919E-14
   263026.8      7.8353353E-14
   269153.4      7.3281015E-14
   275422.9      6.8536444E-14
   281838.2      6.4099029E-14
   288403.2      5.9948418E-14
   295120.8      5.6066513E-14
   301995.2      5.2435544E-14
   309029.4      4.9039670E-14
   316227.8      4.5863368E-14
   323593.8      4.2892586E-14
   331131.1      4.0114190E-14
   338844.3      3.7515455E-14
   346736.8      3.5085040E-14
   354813.5      3.2811824E-14
   363078.0      3.0685842E-14
   371535.4      2.8697453E-14
   380189.3      2.6837880E-14
   389045.3      2.5098542E-14
   398107.1      2.3471891E-14
   407380.4      2.1950556E-14
   416869.3      2.0527791E-14
   426579.6      1.9197099E-14
   436515.7      1.7952638E-14
   446683.7      1.6788722E-14
   457088.0      1.5700238E-14
   467735.2      1.4682220E-14
   478629.9      1.3730220E-14
   489778.9      1.2839813E-14
   501187.0      1.2007163E-14
   512861.4      1.1228424E-14
   524807.2      1.0500173E-14
   537031.8      9.8190787E-15
   549540.6      9.1821539E-15
   562341.3      8.5864924E-15
   575440.2      8.0294370E-15
   588843.6      7.5085125E-15
   602559.9      7.0213111E-15
   616594.9      6.5657437E-15
   630957.6      6.1396747E-15
   645654.1      5.7412575E-15
   660693.7      5.3686536E-15
   676082.9      5.0202228E-15
   691831.2      4.6943722E-15
   707945.6      4.3896741E-15
   724436.2      4.1047191E-15
   741310.1      3.8382498E-15
   758577.8      3.5890666E-15
   776246.9      3.3560481E-15
   794328.4      3.1381427E-15
   812830.2      2.9343729E-15
   831763.9      2.7438269E-15
   851137.7      2.5656444E-15
   870963.7      2.3990197E-15
   891250.6      2.2432126E-15
   912010.9      2.0975085E-15
   933253.9      1.9612662E-15
   954992.6      1.8338625E-15
   977236.7      1.7147330E-15
   1000000.      1.6033333E-15
   1023294.      1.4991603E-15
   1047128.      1.4017580E-15
   1071520.      1.3106760E-15
   1096478.      1.2255077E-15
   1122019.      1.1458672E-15
   1148154.      1.0714035E-15
   1174898.      1.0017683E-15
   1202264.      9.3666004E-16
   1230269.      8.7577664E-16
   1258925.      8.1885163E-16
   1288250.      7.6562038E-16
   1318256.      7.1584877E-16
   1348963.      6.6930865E-16
   1380384.      6.2579398E-16
   1412538.      5.8510320E-16
   1445439.      5.4705919E-16
   1479109.      5.1148460E-16
   1513561.      4.7822289E-16
   1548817.      4.4712169E-16
   1584892.      4.1804247E-16
   1621810.      3.9085234E-16
   1659586.      3.6543026E-16
   1698244.      3.4165966E-16
   1737800.      3.1943426E-16
   1778279.      2.9865299E-16
   1819702.      2.7922306E-16
   1862087.      2.6105680E-16
   1905462.      2.4407109E-16
   1949844.      2.2819017E-16
   1995263.      2.1334094E-16
   2041738.      1.9945823E-16
   2089297.      1.8647747E-16
   2137962.      1.7434160E-16
   2187762.      1.6299427E-16
   2238721.      1.5238533E-16
   2290868.      1.4246604E-16
   2344228.      1.3319266E-16
   2398834.      1.2452181E-16
   2454708.      1.1641536E-16
   2511887.      1.0883600E-16
   2570395.      1.0174998E-16
   2630268.      9.5124791E-17
   2691534.      8.8930843E-17
   2754229.      8.3139745E-17
   2818382.      7.7725848E-17
   2884032.      7.2663734E-17
   2951208.      6.7931374E-17
   3019952.      6.3506878E-17
   3090294.      5.9370617E-17
   3162278.      5.5503177E-17
   3235938.      5.1887663E-17
   3311311.      4.8507615E-17
   3388443.      4.5347375E-17
   3467360.      4.2393370E-17
   3548136.      3.9630925E-17
   3630780.      3.7048791E-17
   3715354.      3.4634688E-17
   3801893.      3.2377851E-17
   3890453.      3.0267839E-17
   3981071.      2.8295351E-17
   4073804.      2.6451272E-17
   4168693.      2.4727337E-17
   4265796.      2.3115617E-17
   4365157.      2.1608926E-17
   4466837.      2.0200331E-17
   4570880.      1.8883534E-17
   4677352.      1.7652519E-17
   4786299.      1.6501689E-17
   4897789.      1.5425835E-17
   5011870.      1.4420076E-17
   5128614.      1.3479840E-17
   5248072.      1.2600869E-17
   5370318.      1.1779174E-17
   5495406.      1.1011043E-17
   5623414.      1.0292952E-17
   5754402.      9.6216648E-18
   5888436.      8.9941275E-18
   6025599.      8.4074877E-18
   6165936.      7.8591538E-18
   6309576.      7.3464450E-18
   6456542.      6.8672373E-18
   6606937.      6.4192346E-18
   6760828.      6.0004525E-18
   6918312.      5.6089724E-18
   7079456.      5.2430277E-18
   7244362.      4.9009177E-18
   7413100.      4.5811479E-18
   7585778.      4.2821953E-18
   7762469.      4.0027671E-18
   7943284.      3.7415414E-18
   8128302.      3.4973676E-18
   8317639.      3.2691108E-18
   8511377.      3.0557477E-18
   8709637.      2.8562929E-18
   8912505.      2.6698598E-18
   9120109.      2.4955762E-18
   9332538.      2.3326708E-18
   9549926.      2.1803827E-18
   9772367.      2.0380390E-18
  1.0000000E+07  1.9049777E-18
  1.0232935E+07  1.7805997E-18
  1.0471285E+07  1.6643435E-18
  1.0715198E+07  1.5556658E-18
  1.0964757E+07  1.4540916E-18
  1.1220189E+07  1.3591278E-18
  1.1481535E+07  1.2703723E-18
  1.1748980E+07  1.1874063E-18
  1.2022642E+07  1.1098574E-18
  1.2302692E+07  1.0373692E-18
  1.2589251E+07  9.6961491E-19
  1.2882499E+07  9.0627790E-19
  1.3182564E+07  8.4708144E-19
  1.3489632E+07  7.9174554E-19
  1.3803838E+07  7.4002488E-19
  1.4125379E+07  6.9167902E-19
  1.4454393E+07  6.4649092E-19
  1.4791086E+07  6.0425135E-19
  1.5135607E+07  5.6477219E-19
  1.5488168E+07  5.2786955E-19
  1.5848925E+07  4.9337761E-19
  1.6218102E+07  4.6113691E-19
  1.6595861E+07  4.3100323E-19
  1.6982438E+07  4.0283652E-19
  1.7378000E+07  3.7651010E-19
  1.7782794E+07  3.5190207E-19
  1.8197018E+07  3.2890185E-19
  1.8620870E+07  3.0740505E-19
  1.9054616E+07  2.8731172E-19
  1.9498402E+07  2.6853310E-19
  1.9952632E+07  2.5097714E-19
  2.0417332E+07  2.3457180E-19
  2.0892970E+07  2.1923520E-19
  2.1379618E+07  2.0490243E-19
  2.1877624E+07  1.9150606E-19
  2.2387206E+07  1.7898524E-19
  2.2908684E+07  1.6728212E-19
  2.3442282E+07  1.5634397E-19
  2.3988336E+07  1.4612063E-19
  2.4547082E+07  1.3656557E-19
  2.5118870E+07  1.2763464E-19
  2.5703948E+07  1.1928788E-19
  2.6302684E+07  1.1148605E-19
  2.6915338E+07  1.0419489E-19
  2.7542290E+07  9.7379760E-20
  2.8183816E+07  9.1010495E-20
  2.8840318E+07  8.5057309E-20
  2.9512078E+07  7.9493666E-20
  3.0199518E+07  7.4293330E-20
  3.0902938E+07  6.9433418E-20
  3.1622776E+07  6.4890917E-20
  3.2359382E+07  6.0645438E-20
  3.3113110E+07  5.6677808E-20
  3.3884432E+07  5.2969315E-20
  3.4673604E+07  4.9503939E-20
  3.5481356E+07  4.6264334E-20
  3.6307720E+07  4.3237422E-20
  3.7153536E+07  4.0407731E-20
  3.8018932E+07  3.7763496E-20
  3.8904528E+07  3.5292087E-20
  3.9810708E+07  3.2982470E-20
  4.0738040E+07  3.0823748E-20
  4.1686928E+07  2.8806348E-20
  4.2657964E+07  2.6920898E-20
  4.3651568E+07  2.5158883E-20
  4.4668368E+07  2.3511948E-20
  4.5708804E+07  2.1972896E-20
  4.6773524E+07  2.0534476E-20
  4.7862992E+07  1.9190240E-20
  4.8977888E+07  1.7933903E-20
  5.0118700E+07  1.6759788E-20
  5.1286144E+07  1.5662453E-20
  5.2480720E+07  1.4636984E-20
  5.3703180E+07  1.3678601E-20
  5.4954060E+07  1.2782965E-20
  5.6234132E+07  1.1945873E-20
  5.7544024E+07  1.1163598E-20
  5.8884364E+07  1.0432584E-20
  6.0255988E+07  9.7493430E-21
  6.1659360E+07  9.1109332E-21
  6.3095764E+07  8.5141499E-21
  6.4565272E+07  7.9565703E-21
  6.6069372E+07  7.4353835E-21
  6.7608288E+07  6.9483713E-21
  6.9183120E+07  6.4932256E-21
  7.0794560E+07  6.0678969E-21
  7.2443616E+07  5.6703978E-21
  7.4131008E+07  5.2989412E-21
  7.5857776E+07  4.9517935E-21
  7.7624688E+07  4.6273909E-21
  7.9432840E+07  4.3242171E-21
  8.1283024E+07  4.0409106E-21
  8.3176392E+07  3.7761360E-21
  8.5113768E+07  3.5287129E-21
  8.7096368E+07  3.2974921E-21
  8.9125056E+07  3.0814174E-21
  9.1201088E+07  2.8794918E-21
  9.3325384E+07  2.6907939E-21
  9.5499264E+07  2.5144550E-21
  9.7723672E+07  2.3496683E-21
  1.0000000E+08  2.1956689E-21
